date,user,addr
2019-02-09 06:24:13,root,112.85.42.238
2019-02-09 06:24:11,root,112.85.42.238
2019-02-09 06:24:08,root,112.85.42.238
2019-02-09 06:23:14,root,112.85.42.238
2019-02-09 06:23:12,root,112.85.42.238
2019-02-09 06:23:10,root,112.85.42.238
2019-02-09 06:22:02,root,112.85.42.238
2019-02-09 06:21:59,root,112.85.42.238
2019-02-09 06:21:57,root,112.85.42.238
2019-02-09 06:21:00,root,112.85.42.238
2019-02-09 06:20:58,root,112.85.42.238
2019-02-09 06:20:56,root,112.85.42.238
2019-02-09 06:19:52,root,112.85.42.238
2019-02-09 06:19:50,root,112.85.42.238
2019-02-09 06:19:48,root,112.85.42.238
2019-02-09 06:18:52,root,112.85.42.238
2019-02-09 06:18:50,root,112.85.42.238
2019-02-09 06:18:47,root,112.85.42.238
2019-02-09 06:17:40,root,112.85.42.238
2019-02-09 06:17:37,root,112.85.42.238
2019-02-09 06:17:36,root,112.85.42.238
2019-02-09 06:16:36,root,112.85.42.238
2019-02-09 06:16:34,root,112.85.42.238
2019-02-09 06:16:30,root,112.85.42.238
2019-02-09 06:15:30,root,112.85.42.238
2019-02-09 06:15:28,root,112.85.42.238
2019-02-09 06:15:25,root,112.85.42.238
2019-02-09 06:15:17,admin,88.214.26.15
2019-02-09 06:15:15,admin,88.214.26.15
2019-02-09 06:14:23,root,112.85.42.238
2019-02-09 06:14:22,root,112.85.42.238
2019-02-09 06:14:20,root,112.85.42.238
2019-02-09 06:13:25,root,112.85.42.238
2019-02-09 06:13:23,root,112.85.42.238
2019-02-09 06:13:22,root,112.85.42.238
2019-02-09 06:12:20,root,112.85.42.238
2019-02-09 06:12:18,root,112.85.42.238
2019-02-09 06:12:16,root,112.85.42.238
2019-02-09 06:11:10,root,112.85.42.238
2019-02-09 06:11:09,root,112.85.42.238
2019-02-09 06:11:07,root,112.85.42.238
2019-02-09 06:10:13,root,112.85.42.238
2019-02-09 06:10:10,root,112.85.42.238
2019-02-09 06:10:08,root,112.85.42.238
2019-02-09 06:09:04,root,112.85.42.238
2019-02-09 06:09:01,root,112.85.42.238
2019-02-09 06:08:59,root,112.85.42.238
2019-02-09 06:07:58,root,112.85.42.238
2019-02-09 06:07:56,root,112.85.42.238
2019-02-09 06:07:54,root,112.85.42.238
2019-02-09 06:06:56,root,112.85.42.238
2019-02-09 06:06:54,root,112.85.42.238
2019-02-09 06:06:52,root,112.85.42.238
2019-02-09 06:05:52,root,112.85.42.238
2019-02-09 06:05:50,root,112.85.42.238
2019-02-09 06:05:47,root,112.85.42.238
2019-02-09 06:04:44,root,112.85.42.238
2019-02-09 06:04:43,root,112.85.42.238
2019-02-09 06:04:41,root,112.85.42.238
2019-02-09 06:03:39,root,112.85.42.238
2019-02-09 06:03:36,root,112.85.42.238
2019-02-09 06:03:33,root,112.85.42.238
2019-02-09 06:02:37,root,112.85.42.238
2019-02-09 06:02:34,root,112.85.42.238
2019-02-09 06:02:32,root,112.85.42.238
2019-02-09 06:01:27,root,112.85.42.238
2019-02-09 06:01:24,root,112.85.42.238
2019-02-09 06:01:22,root,112.85.42.238
2019-02-09 06:00:23,root,112.85.42.238
2019-02-09 06:00:22,root,112.85.42.238
2019-02-09 06:00:20,root,112.85.42.238
2019-02-09 05:59:20,root,112.85.42.238
2019-02-09 05:59:17,root,112.85.42.238
2019-02-09 05:59:16,root,112.85.42.238
2019-02-09 05:58:18,root,112.85.42.238
2019-02-09 05:58:15,root,112.85.42.238
2019-02-09 05:58:12,root,112.85.42.238
2019-02-09 05:57:12,root,112.85.42.238
2019-02-09 05:57:09,root,112.85.42.238
2019-02-09 05:57:07,root,112.85.42.238
2019-02-09 05:56:05,root,112.85.42.238
2019-02-09 05:56:03,root,112.85.42.238
2019-02-09 05:56:01,root,112.85.42.238
2019-02-09 05:55:03,root,112.85.42.238
2019-02-09 05:55:01,root,112.85.42.238
2019-02-09 05:54:59,root,112.85.42.238
2019-02-09 05:53:57,root,112.85.42.238
2019-02-09 05:53:55,root,112.85.42.238
2019-02-09 05:53:53,root,112.85.42.238
2019-02-09 05:52:51,root,112.85.42.238
2019-02-09 05:52:49,root,112.85.42.238
2019-02-09 05:52:47,root,112.85.42.238
2019-02-09 05:51:45,root,112.85.42.238
2019-02-09 05:51:43,root,112.85.42.238
2019-02-09 05:51:41,root,112.85.42.238
2019-02-09 05:50:42,root,112.85.42.238
2019-02-09 05:50:39,root,112.85.42.238
2019-02-09 05:50:37,root,112.85.42.238
2019-02-09 05:49:36,root,112.85.42.238
2019-02-09 05:49:34,root,112.85.42.238
2019-02-09 05:49:32,root,112.85.42.238
2019-02-09 05:48:32,root,112.85.42.238
2019-02-09 05:48:30,root,112.85.42.238
2019-02-09 05:48:27,root,112.85.42.238
2019-02-09 05:47:22,root,112.85.42.238
2019-02-09 05:47:20,root,112.85.42.238
2019-02-09 05:47:18,root,112.85.42.238
2019-02-09 05:46:19,root,112.85.42.238
2019-02-09 05:46:16,root,112.85.42.238
2019-02-09 05:46:14,root,112.85.42.238
2019-02-09 05:45:10,root,112.85.42.238
2019-02-09 05:45:09,postgres,ec2-34-220-107-7
2019-02-09 05:45:08,root,112.85.42.238
2019-02-09 05:45:07,postgres,ec2-34-220-107-7
2019-02-09 05:45:05,root,112.85.42.238
2019-02-09 05:44:02,root,112.85.42.238
2019-02-09 05:44:00,root,112.85.42.238
2019-02-09 05:43:57,root,112.85.42.238
2019-02-09 05:42:55,root,112.85.42.238
2019-02-09 05:42:52,root,112.85.42.238
2019-02-09 05:42:50,root,112.85.42.238
2019-02-09 05:41:55,root,112.85.42.238
2019-02-09 05:41:53,root,112.85.42.238
2019-02-09 05:41:50,root,112.85.42.238
2019-02-09 05:40:48,root,112.85.42.238
2019-02-09 05:40:45,root,112.85.42.238
2019-02-09 05:40:43,root,112.85.42.238
2019-02-09 05:39:44,root,112.85.42.238
2019-02-09 05:39:42,root,112.85.42.238
2019-02-09 05:39:40,root,112.85.42.238
2019-02-09 05:38:41,root,112.85.42.238
2019-02-09 05:38:37,root,112.85.42.238
2019-02-09 05:38:35,root,112.85.42.238
2019-02-09 05:37:35,root,112.85.42.238
2019-02-09 05:37:32,root,112.85.42.238
2019-02-09 05:37:29,root,112.85.42.238
2019-02-09 05:36:29,root,112.85.42.238
2019-02-09 05:36:26,root,112.85.42.238
2019-02-09 05:36:23,root,112.85.42.238
2019-02-09 05:35:18,root,112.85.42.238
2019-02-09 05:35:16,root,112.85.42.238
2019-02-09 05:35:14,root,112.85.42.238
2019-02-09 05:34:15,root,112.85.42.238
2019-02-09 05:34:13,root,112.85.42.238
2019-02-09 05:34:10,root,112.85.42.238
2019-02-09 05:33:22,root,112.85.42.238
2019-02-09 05:33:20,root,112.85.42.238
2019-02-09 05:33:18,root,112.85.42.238
2019-02-09 05:32:12,admin,28.sub-166-150-4
2019-02-09 05:32:06,root,112.85.42.238
2019-02-09 05:32:04,root,112.85.42.238
2019-02-09 05:32:03,admin,28.sub-166-150-4
2019-02-09 05:32:01,root,112.85.42.238
2019-02-09 05:31:13,root,112.85.42.238
2019-02-09 05:31:11,root,112.85.42.238
2019-02-09 05:31:08,root,112.85.42.238
2019-02-09 05:30:01,root,112.85.42.238
2019-02-09 05:29:59,root,112.85.42.238
2019-02-09 05:29:57,root,112.85.42.238
2019-02-09 05:28:55,root,112.85.42.238
2019-02-09 05:28:53,root,112.85.42.238
2019-02-09 05:28:51,root,112.85.42.238
2019-02-09 05:27:50,root,112.85.42.238
2019-02-09 05:27:48,root,112.85.42.238
2019-02-09 05:27:46,root,112.85.42.238
2019-02-09 05:26:44,root,112.85.42.238
2019-02-09 05:26:42,root,112.85.42.238
2019-02-09 05:26:40,root,112.85.42.238
2019-02-09 05:25:41,root,112.85.42.238
2019-02-09 05:25:38,root,112.85.42.238
2019-02-09 05:25:35,root,112.85.42.238
2019-02-09 05:25:08,ftpuser,51.15.213.229
2019-02-09 05:25:05,ftpuser,51.15.213.229
2019-02-09 05:24:34,root,112.85.42.238
2019-02-09 05:24:33,root,112.85.42.238
2019-02-09 05:24:30,root,112.85.42.238
2019-02-09 05:23:31,root,112.85.42.238
2019-02-09 05:23:28,root,112.85.42.238
2019-02-09 05:23:26,root,112.85.42.238
2019-02-09 05:22:19,root,112.85.42.238
2019-02-09 05:22:17,root,112.85.42.238
2019-02-09 05:22:15,root,112.85.42.238
2019-02-09 05:21:14,root,112.85.42.238
2019-02-09 05:21:12,root,112.85.42.238
2019-02-09 05:21:10,root,112.85.42.238
2019-02-09 05:20:08,root,112.85.42.238
2019-02-09 05:20:05,root,112.85.42.238
2019-02-09 05:20:03,root,112.85.42.238
2019-02-09 05:19:03,root,112.85.42.238
2019-02-09 05:19:01,root,112.85.42.238
2019-02-09 05:18:59,root,112.85.42.238
2019-02-09 05:18:04,root,112.85.42.238
2019-02-09 05:18:02,root,112.85.42.238
2019-02-09 05:18:00,root,112.85.42.238
2019-02-09 05:16:54,root,112.85.42.238
2019-02-09 05:16:52,root,112.85.42.238
2019-02-09 05:16:50,root,112.85.42.238
2019-02-09 05:15:54,root,112.85.42.238
2019-02-09 05:15:52,root,112.85.42.238
2019-02-09 05:15:49,root,112.85.42.238
2019-02-09 05:14:59,www-data,128.199.221.163
2019-02-09 05:14:46,root,112.85.42.238
2019-02-09 05:14:45,root,112.85.42.238
2019-02-09 05:14:43,root,112.85.42.238
2019-02-09 05:13:45,root,112.85.42.238
2019-02-09 05:13:42,root,112.85.42.238
2019-02-09 05:13:39,root,112.85.42.238
2019-02-09 05:12:39,root,112.85.42.238
2019-02-09 05:12:37,root,112.85.42.238
2019-02-09 05:12:34,root,112.85.42.238
2019-02-09 05:11:28,root,112.85.42.238
2019-02-09 05:11:26,root,112.85.42.238
2019-02-09 05:11:23,root,112.85.42.238
2019-02-09 05:10:23,root,112.85.42.238
2019-02-09 05:10:21,root,112.85.42.238
2019-02-09 05:10:18,root,112.85.42.238
2019-02-09 05:09:20,root,112.85.42.238
2019-02-09 05:09:18,root,112.85.42.238
2019-02-09 05:09:17,root,112.85.42.238
2019-02-09 05:08:12,root,112.85.42.238
2019-02-09 05:08:10,root,112.85.42.238
2019-02-09 05:08:08,root,112.85.42.238
2019-02-09 05:07:08,root,112.85.42.238
2019-02-09 05:07:06,root,112.85.42.238
2019-02-09 05:07:03,root,112.85.42.238
2019-02-09 05:06:12,root,112.85.42.238
2019-02-09 05:06:10,root,112.85.42.238
2019-02-09 05:06:07,root,112.85.42.238
2019-02-09 05:05:05,root,112.85.42.238
2019-02-09 05:05:03,root,112.85.42.238
2019-02-09 05:05:01,root,112.85.42.238
2019-02-09 05:03:57,root,112.85.42.238
2019-02-09 05:03:55,root,112.85.42.238
2019-02-09 05:03:53,root,112.85.42.238
2019-02-09 05:02:50,root,112.85.42.238
2019-02-09 05:02:48,root,112.85.42.238
2019-02-09 05:02:46,root,112.85.42.238
2019-02-09 05:01:49,root,112.85.42.238
2019-02-09 05:01:47,root,112.85.42.238
2019-02-09 05:01:44,root,112.85.42.238
2019-02-09 05:00:45,root,112.85.42.238
2019-02-09 05:00:42,root,112.85.42.238
2019-02-09 05:00:40,root,112.85.42.238
2019-02-09 04:59:35,root,112.85.42.238
2019-02-09 04:59:33,root,112.85.42.238
2019-02-09 04:59:31,root,112.85.42.238
2019-02-09 04:58:24,root,112.85.42.238
2019-02-09 04:58:21,root,112.85.42.238
2019-02-09 04:58:19,root,112.85.42.238
2019-02-09 04:57:20,root,112.85.42.238
2019-02-09 04:57:18,root,112.85.42.238
2019-02-09 04:57:15,root,112.85.42.238
2019-02-09 04:56:15,root,112.85.42.238
2019-02-09 04:56:13,root,112.85.42.238
2019-02-09 04:56:11,root,112.85.42.238
2019-02-09 04:55:11,root,112.85.42.238
2019-02-09 04:55:08,root,112.85.42.238
2019-02-09 04:55:06,root,112.85.42.238
2019-02-09 04:53:57,root,112.85.42.238
2019-02-09 04:53:55,root,112.85.42.238
2019-02-09 04:53:53,root,112.85.42.238
2019-02-09 04:52:52,root,112.85.42.238
2019-02-09 04:52:50,root,112.85.42.238
2019-02-09 04:52:47,root,112.85.42.238
2019-02-09 04:51:48,root,112.85.42.238
2019-02-09 04:51:45,root,112.85.42.238
2019-02-09 04:51:43,root,112.85.42.238
2019-02-09 04:50:49,root,112.85.42.238
2019-02-09 04:50:46,root,112.85.42.238
2019-02-09 04:50:44,root,112.85.42.238
2019-02-09 04:49:41,root,112.85.42.238
2019-02-09 04:49:39,root,112.85.42.238
2019-02-09 04:49:37,root,112.85.42.238
2019-02-09 04:48:26,root,112.85.42.238
2019-02-09 04:48:23,root,112.85.42.238
2019-02-09 04:48:21,root,112.85.42.238
2019-02-09 04:47:20,root,112.85.42.238
2019-02-09 04:47:18,root,112.85.42.238
2019-02-09 04:47:16,root,112.85.42.238
2019-02-09 04:45:59,root,112.85.42.238
2019-02-09 04:45:56,root,112.85.42.238
2019-02-09 04:45:54,root,112.85.42.238
2019-02-09 04:44:32,root,112.85.42.238
2019-02-09 04:44:30,root,112.85.42.238
2019-02-09 04:44:28,root,112.85.42.238
2019-02-09 04:43:02,root,112.85.42.238
2019-02-09 04:43:00,root,112.85.42.238
2019-02-09 04:42:58,root,112.85.42.238
2019-02-09 04:40:40,root,115.230.127.27
2019-02-09 04:40:37,root,115.230.127.27
2019-02-09 04:40:34,root,115.230.127.27
2019-02-09 04:40:32,root,115.230.127.27
2019-02-09 04:40:27,root,115.230.127.27
2019-02-09 04:40:25,root,115.230.127.27
2019-02-09 04:40:22,root,115.230.127.27
2019-02-09 04:40:18,root,115.230.127.27
2019-02-09 04:40:16,root,115.230.127.27
2019-02-09 04:40:13,root,115.230.127.27
2019-02-09 04:40:10,root,115.230.127.27
2019-02-09 04:40:09,root,115.230.127.27
2019-02-09 04:40:04,root,115.230.127.27
2019-02-09 04:39:58,root,115.230.127.27
2019-02-09 04:39:57,root,115.230.127.27
2019-02-09 04:39:54,root,115.230.127.27
2019-02-09 04:39:51,root,115.230.127.27
2019-02-09 04:39:49,root,115.230.127.27
2019-02-09 04:39:46,root,115.230.127.27
2019-02-09 04:39:39,root,115.230.127.27
2019-02-09 04:39:36,root,115.230.127.27
2019-02-09 04:39:34,root,115.230.127.27
2019-02-09 04:39:31,root,115.230.127.27
2019-02-09 04:39:29,root,115.230.127.27
2019-02-09 04:39:27,root,115.230.127.27
2019-02-09 04:39:24,root,115.230.127.27
2019-02-09 04:39:22,root,115.230.127.27
2019-02-09 04:39:19,root,115.230.127.27
2019-02-09 04:39:15,root,115.230.127.27
2019-02-09 04:39:13,root,115.230.127.27
2019-02-09 04:39:11,root,115.230.127.27
2019-02-09 04:39:06,root,115.230.127.27
2019-02-09 04:39:04,root,115.230.127.27
2019-02-09 04:39:01,root,115.230.127.27
2019-02-09 04:38:53,root,115.230.127.27
2019-02-09 04:38:52,root,115.230.127.27
2019-02-09 04:38:49,root,115.230.127.27
2019-02-09 04:38:41,root,115.230.127.27
2019-02-09 04:38:39,root,115.230.127.27
2019-02-09 04:38:38,root,115.230.127.27
2019-02-09 04:38:34,root,115.230.127.27
2019-02-09 04:38:32,root,115.230.127.27
2019-02-09 04:38:30,root,115.230.127.27
2019-02-09 04:38:26,root,115.230.127.27
2019-02-09 04:38:24,root,115.230.127.27
2019-02-09 04:38:22,root,115.230.127.27
2019-02-09 04:38:18,root,115.230.127.27
2019-02-09 04:38:16,root,115.230.127.27
2019-02-09 04:38:14,root,115.230.127.27
2019-02-09 04:38:10,root,115.230.127.27
2019-02-09 04:38:08,root,115.230.127.27
2019-02-09 04:38:06,root,115.230.127.27
2019-02-09 04:38:00,root,115.230.127.27
2019-02-09 04:37:58,root,115.230.127.27
2019-02-09 04:37:56,root,115.230.127.27
2019-02-09 04:37:54,root,115.230.127.27
2019-02-09 04:37:52,root,115.230.127.27
2019-02-09 04:37:49,root,115.230.127.27
2019-02-09 04:37:46,root,115.230.127.27
2019-02-09 04:37:45,root,115.230.127.27
2019-02-09 04:37:43,root,115.230.127.27
2019-02-09 04:37:40,root,115.230.127.27
2019-02-09 04:37:39,root,115.230.127.27
2019-02-09 04:37:35,root,115.230.127.27
2019-02-09 04:37:31,root,115.230.127.27
2019-02-09 04:37:29,root,115.230.127.27
2019-02-09 04:37:27,root,115.230.127.27
2019-02-09 04:37:23,root,115.230.127.27
2019-02-09 04:37:22,root,115.230.127.27
2019-02-09 04:37:20,root,115.230.127.27
2019-02-09 04:37:16,root,115.230.127.27
2019-02-09 04:37:14,root,115.230.127.27
2019-02-09 04:37:12,root,115.230.127.27
2019-02-09 04:37:09,root,115.230.127.27
2019-02-09 04:37:07,root,115.230.127.27
2019-02-09 04:37:04,root,115.230.127.27
2019-02-09 04:37:02,root,115.230.127.27
2019-02-09 04:36:59,root,115.230.127.27
2019-02-09 04:36:56,root,115.230.127.27
2019-02-09 04:36:52,root,115.230.127.27
2019-02-09 04:36:49,root,115.230.127.27
2019-02-09 04:36:46,root,115.230.127.27
2019-02-09 04:36:43,root,115.230.127.27
2019-02-09 04:36:41,root,115.230.127.27
2019-02-09 04:36:39,root,115.230.127.27
2019-02-09 04:36:36,root,115.230.127.27
2019-02-09 04:36:34,root,115.230.127.27
2019-02-09 04:36:32,root,115.230.127.27
2019-02-09 04:36:29,root,115.230.127.27
2019-02-09 04:36:26,root,115.230.127.27
2019-02-09 04:36:24,root,115.230.127.27
2019-02-09 04:36:21,root,115.230.127.27
2019-02-09 04:36:19,root,115.230.127.27
2019-02-09 04:36:16,root,115.230.127.27
2019-02-09 04:35:57,root,115.230.127.27
2019-02-09 04:35:55,root,115.230.127.27
2019-02-09 04:35:52,root,115.230.127.27
2019-02-09 04:35:49,root,115.230.127.27
2019-02-09 04:35:47,root,115.230.127.27
2019-02-09 04:35:45,root,115.230.127.27
2019-02-09 04:35:26,root,115.230.127.27
2019-02-09 04:35:24,root,115.230.127.27
2019-02-09 04:35:22,root,115.230.127.27
2019-02-09 04:35:18,root,115.230.127.27
2019-02-09 04:35:16,root,115.230.127.27
2019-02-09 04:35:13,root,115.230.127.27
2019-02-09 04:35:09,root,115.230.127.27
2019-02-09 04:35:07,root,115.230.127.27
2019-02-09 04:35:04,root,115.230.127.27
2019-02-09 04:35:00,root,115.230.127.27
2019-02-09 04:34:58,root,115.230.127.27
2019-02-09 04:34:55,root,115.230.127.27
2019-02-09 04:34:52,root,115.230.127.27
2019-02-09 04:34:49,root,115.230.127.27
2019-02-09 04:34:47,root,115.230.127.27
2019-02-09 04:34:42,root,115.230.127.27
2019-02-09 04:34:39,root,115.230.127.27
2019-02-09 04:34:37,root,115.230.127.27
2019-02-09 04:34:34,root,115.230.127.27
2019-02-09 04:34:32,root,115.230.127.27
2019-02-09 04:34:29,root,115.230.127.27
2019-02-09 04:34:26,root,115.230.127.27
2019-02-09 04:34:24,root,115.230.127.27
2019-02-09 04:34:22,root,115.230.127.27
2019-02-09 04:34:13,root,115.230.127.27
2019-02-09 04:34:11,root,115.230.127.27
2019-02-09 04:34:09,root,115.230.127.27
2019-02-09 04:34:05,root,115.230.127.27
2019-02-09 04:34:03,root,115.230.127.27
2019-02-09 04:34:00,root,115.230.127.27
2019-02-09 04:33:53,root,115.230.127.27
2019-02-09 04:33:52,root,115.230.127.27
2019-02-09 04:33:49,root,115.230.127.27
2019-02-09 04:33:46,root,115.230.127.27
2019-02-09 04:33:43,root,115.230.127.27
2019-02-09 04:33:41,root,115.230.127.27
2019-02-09 04:33:36,root,115.230.127.27
2019-02-09 04:33:33,root,115.230.127.27
2019-02-09 04:33:31,root,115.230.127.27
2019-02-09 04:33:24,root,115.230.127.27
2019-02-09 04:33:21,root,115.230.127.27
2019-02-09 04:33:20,root,115.230.127.27
2019-02-09 04:33:13,root,115.230.127.27
2019-02-09 04:33:11,root,115.230.127.27
2019-02-09 04:33:09,root,115.230.127.27
2019-02-09 04:33:07,root,115.230.127.27
2019-02-09 04:33:05,root,115.230.127.27
2019-02-09 04:33:03,root,115.230.127.27
2019-02-09 04:32:59,root,115.230.127.27
2019-02-09 04:32:58,root,115.230.127.27
2019-02-09 04:32:56,root,115.230.127.27
2019-02-09 04:32:36,root,115.230.127.27
2019-02-09 04:32:34,root,115.230.127.27
2019-02-09 04:32:32,root,115.230.127.27
2019-02-09 04:32:28,root,115.230.127.27
2019-02-09 04:32:22,root,115.230.127.27
2019-02-09 04:32:19,root,115.230.127.27
2019-02-09 04:32:07,root,115.230.127.27
2019-02-09 04:32:05,root,115.230.127.27
2019-02-09 04:32:04,root,115.230.127.27
2019-02-09 04:31:52,root,115.230.127.27
2019-02-09 04:31:50,root,115.230.127.27
2019-02-09 04:31:48,root,115.230.127.27
2019-02-09 04:31:36,root,115.230.127.27
2019-02-09 04:31:34,root,115.230.127.27
2019-02-09 04:31:32,root,115.230.127.27
2019-02-09 04:31:26,root,115.230.127.27
2019-02-09 04:31:24,root,115.230.127.27
2019-02-09 04:31:22,root,115.230.127.27
2019-02-09 04:31:12,root,115.230.127.27
2019-02-09 04:31:09,root,115.230.127.27
2019-02-09 04:31:07,root,115.230.127.27
2019-02-09 04:31:04,root,115.230.127.27
2019-02-09 04:31:02,root,115.230.127.27
2019-02-09 04:31:00,root,115.230.127.27
2019-02-09 04:30:55,root,115.230.127.27
2019-02-09 04:30:50,root,115.230.127.27
2019-02-09 04:30:48,root,115.230.127.27
2019-02-09 04:30:40,root,115.230.127.27
2019-02-09 04:30:39,root,115.230.127.27
2019-02-09 04:30:37,root,115.230.127.27
2019-02-09 04:30:33,root,115.230.127.27
2019-02-09 04:30:32,root,115.230.127.27
2019-02-09 04:30:30,root,115.230.127.27
2019-02-09 04:30:27,root,115.230.127.27
2019-02-09 04:30:25,root,115.230.127.27
2019-02-09 04:30:21,root,115.230.127.27
2019-02-09 04:30:17,root,115.230.127.27
2019-02-09 04:30:16,root,115.230.127.27
2019-02-09 04:30:13,root,115.230.127.27
2019-02-09 04:30:10,root,115.230.127.27
2019-02-09 04:30:08,root,115.230.127.27
2019-02-09 04:30:06,root,115.230.127.27
2019-02-09 04:30:03,root,115.230.127.27
2019-02-09 04:30:01,root,115.230.127.27
2019-02-09 04:29:58,root,115.230.127.27
2019-02-09 04:29:55,root,115.230.127.27
2019-02-09 04:29:53,root,115.230.127.27
2019-02-09 04:29:51,root,115.230.127.27
2019-02-09 04:29:32,root,115.230.127.27
2019-02-09 04:29:30,root,115.230.127.27
2019-02-09 04:29:26,root,115.230.127.27
2019-02-09 04:28:56,root,115.230.127.27
2019-02-09 04:28:53,root,115.230.127.27
2019-02-09 04:28:51,root,115.230.127.27
2019-02-09 04:28:46,root,115.230.127.27
2019-02-09 04:28:44,root,115.230.127.27
2019-02-09 04:28:42,root,115.230.127.27
2019-02-09 04:28:34,root,115.230.127.27
2019-02-09 04:28:33,root,115.230.127.27
2019-02-09 04:28:30,root,115.230.127.27
2019-02-09 04:28:27,root,115.230.127.27
2019-02-09 04:28:25,root,115.230.127.27
2019-02-09 04:28:22,root,115.230.127.27
2019-02-09 04:28:11,root,115.230.127.27
2019-02-09 04:28:08,root,115.230.127.27
2019-02-09 04:28:06,root,115.230.127.27
2019-02-09 04:28:04,root,112.85.42.87
2019-02-09 04:28:02,root,112.85.42.87
2019-02-09 04:28:00,root,112.85.42.87
2019-02-09 04:27:48,root,115.230.127.27
2019-02-09 04:27:47,root,115.230.127.27
2019-02-09 04:27:44,root,115.230.127.27
2019-02-09 04:27:23,root,115.230.127.27
2019-02-09 04:27:21,root,115.230.127.27
2019-02-09 04:27:18,root,115.230.127.27
2019-02-09 04:27:15,root,115.230.127.27
2019-02-09 04:27:13,root,115.230.127.27
2019-02-09 04:27:10,root,115.230.127.27
2019-02-09 04:27:05,root,112.85.42.87
2019-02-09 04:27:04,root,115.230.127.27
2019-02-09 04:27:03,root,112.85.42.87
2019-02-09 04:27:02,root,115.230.127.27
2019-02-09 04:27:01,root,112.85.42.87
2019-02-09 04:27:00,root,115.230.127.27
2019-02-09 04:26:47,root,115.230.127.27
2019-02-09 04:26:46,root,115.230.127.27
2019-02-09 04:26:43,root,115.230.127.27
2019-02-09 04:26:41,root,115.230.127.27
2019-02-09 04:26:37,root,115.230.127.27
2019-02-09 04:26:35,root,115.230.127.27
2019-02-09 04:26:23,root,115.230.127.27
2019-02-09 04:26:21,root,115.230.127.27
2019-02-09 04:26:19,root,115.230.127.27
2019-02-09 04:26:16,root,115.230.127.27
2019-02-09 04:26:13,root,115.230.127.27
2019-02-09 04:26:11,root,115.230.127.27
2019-02-09 04:26:08,root,115.230.127.27
2019-02-09 04:26:06,root,115.230.127.27
2019-02-09 04:26:05,root,112.85.42.87
2019-02-09 04:26:04,root,112.85.42.87
2019-02-09 04:26:01,root,112.85.42.87
2019-02-09 04:26:01,root,115.230.127.27
2019-02-09 04:25:58,root,115.230.127.27
2019-02-09 04:25:56,root,115.230.127.27
2019-02-09 04:25:54,root,115.230.127.27
2019-02-09 04:25:37,root,115.230.127.27
2019-02-09 04:25:35,root,115.230.127.27
2019-02-09 04:25:33,root,115.230.127.27
2019-02-09 04:25:25,root,115.230.127.27
2019-02-09 04:25:23,root,115.230.127.27
2019-02-09 04:25:21,root,115.230.127.27
2019-02-09 04:25:18,root,115.230.127.27
2019-02-09 04:25:16,root,115.230.127.27
2019-02-09 04:25:14,root,115.230.127.27
2019-02-09 04:25:10,root,115.230.127.27
2019-02-09 04:25:10,root,112.85.42.87
2019-02-09 04:25:08,root,115.230.127.27
2019-02-09 04:25:07,root,112.85.42.87
2019-02-09 04:25:06,root,115.230.127.27
2019-02-09 04:25:05,root,112.85.42.87
2019-02-09 04:25:01,root,115.230.127.27
2019-02-09 04:24:59,root,115.230.127.27
2019-02-09 04:24:58,root,115.230.127.27
2019-02-09 04:24:49,root,115.230.127.27
2019-02-09 04:24:47,root,115.230.127.27
2019-02-09 04:24:46,root,115.230.127.27
2019-02-09 04:24:43,root,115.230.127.27
2019-02-09 04:24:41,root,115.230.127.27
2019-02-09 04:24:40,root,115.230.127.27
2019-02-09 04:24:37,root,115.230.127.27
2019-02-09 04:24:35,root,115.230.127.27
2019-02-09 04:24:34,root,115.230.127.27
2019-02-09 04:24:30,root,115.230.127.27
2019-02-09 04:24:29,root,115.230.127.27
2019-02-09 04:24:27,root,115.230.127.27
2019-02-09 04:24:24,root,115.230.127.27
2019-02-09 04:24:21,root,115.230.127.27
2019-02-09 04:24:19,root,115.230.127.27
2019-02-09 04:24:17,root,115.230.127.27
2019-02-09 04:24:15,root,115.230.127.27
2019-02-09 04:24:13,root,115.230.127.27
2019-02-09 04:24:12,root,112.85.42.87
2019-02-09 04:24:10,root,112.85.42.87
2019-02-09 04:24:09,root,115.230.127.27
2019-02-09 04:24:07,root,112.85.42.87
2019-02-09 04:24:07,root,115.230.127.27
2019-02-09 04:24:05,root,115.230.127.27
2019-02-09 04:23:56,root,115.230.127.27
2019-02-09 04:23:54,root,115.230.127.27
2019-02-09 04:23:52,root,115.230.127.27
2019-02-09 04:23:49,root,115.230.127.27
2019-02-09 04:23:47,root,115.230.127.27
2019-02-09 04:23:44,root,115.230.127.27
2019-02-09 04:23:30,root,115.230.127.27
2019-02-09 04:23:28,root,115.230.127.27
2019-02-09 04:23:26,root,115.230.127.27
2019-02-09 04:23:22,root,115.230.127.27
2019-02-09 04:23:19,root,115.230.127.27
2019-02-09 04:23:17,root,115.230.127.27
2019-02-09 04:23:14,root,115.230.127.27
2019-02-09 04:23:12,root,115.230.127.27
2019-02-09 04:23:09,root,115.230.127.27
2019-02-09 04:23:07,root,112.85.42.87
2019-02-09 04:23:06,root,115.230.127.27
2019-02-09 04:23:05,root,112.85.42.87
2019-02-09 04:23:03,root,115.230.127.27
2019-02-09 04:23:03,root,112.85.42.87
2019-02-09 04:23:01,root,115.230.127.27
2019-02-09 04:22:55,root,115.230.127.27
2019-02-09 04:22:53,root,115.230.127.27
2019-02-09 04:22:51,root,115.230.127.27
2019-02-09 04:22:22,root,115.230.127.27
2019-02-09 04:22:20,root,115.230.127.27
2019-02-09 04:22:18,root,115.230.127.27
2019-02-09 04:22:07,root,112.85.42.87
2019-02-09 04:22:05,root,112.85.42.87
2019-02-09 04:22:02,root,112.85.42.87
2019-02-09 04:21:51,root,115.230.127.27
2019-02-09 04:21:49,root,115.230.127.27
2019-02-09 04:21:46,root,115.230.127.27
2019-02-09 04:21:40,root,115.230.127.27
2019-02-09 04:21:38,root,115.230.127.27
2019-02-09 04:21:36,root,115.230.127.27
2019-02-09 04:21:33,root,115.230.127.27
2019-02-09 04:21:31,root,115.230.127.27
2019-02-09 04:21:23,root,115.230.127.27
2019-02-09 04:21:20,root,115.230.127.27
2019-02-09 04:21:17,root,115.230.127.27
2019-02-09 04:21:15,root,115.230.127.27
2019-02-09 04:21:11,root,115.230.127.27
2019-02-09 04:21:08,root,115.230.127.27
2019-02-09 04:21:06,root,112.85.42.87
2019-02-09 04:21:06,root,115.230.127.27
2019-02-09 04:21:04,root,112.85.42.87
2019-02-09 04:21:01,root,112.85.42.87
2019-02-09 04:20:59,root,115.230.127.27
2019-02-09 04:20:57,root,115.230.127.27
2019-02-09 04:20:55,root,115.230.127.27
2019-02-09 04:20:52,root,115.230.127.27
2019-02-09 04:20:49,root,115.230.127.27
2019-02-09 04:20:48,root,115.230.127.27
2019-02-09 04:20:45,root,115.230.127.27
2019-02-09 04:20:43,root,115.230.127.27
2019-02-09 04:20:41,root,115.230.127.27
2019-02-09 04:20:38,root,115.230.127.27
2019-02-09 04:20:36,root,115.230.127.27
2019-02-09 04:20:34,root,115.230.127.27
2019-02-09 04:20:24,root,115.230.127.27
2019-02-09 04:20:22,root,115.230.127.27
2019-02-09 04:20:19,root,115.230.127.27
2019-02-09 04:20:17,root,115.230.127.27
2019-02-09 04:20:14,root,115.230.127.27
2019-02-09 04:20:12,root,115.230.127.27
2019-02-09 04:20:07,root,112.85.42.87
2019-02-09 04:20:05,root,112.85.42.87
2019-02-09 04:20:03,root,112.85.42.87
2019-02-09 04:19:55,root,115.230.127.27
2019-02-09 04:19:52,root,115.230.127.27
2019-02-09 04:19:50,root,115.230.127.27
2019-02-09 04:19:47,root,115.230.127.27
2019-02-09 04:19:44,root,115.230.127.27
2019-02-09 04:19:43,root,115.230.127.27
2019-02-09 04:19:40,root,115.230.127.27
2019-02-09 04:19:38,root,115.230.127.27
2019-02-09 04:19:35,root,115.230.127.27
2019-02-09 04:19:27,root,115.230.127.27
2019-02-09 04:19:24,root,115.230.127.27
2019-02-09 04:19:22,root,115.230.127.27
2019-02-09 04:19:15,root,115.230.127.27
2019-02-09 04:19:12,root,115.230.127.27
2019-02-09 04:19:10,root,115.230.127.27
2019-02-09 04:19:06,root,115.230.127.27
2019-02-09 04:19:03,root,115.230.127.27
2019-02-09 04:19:01,root,112.85.42.87
2019-02-09 04:19:01,root,115.230.127.27
2019-02-09 04:19:00,root,112.85.42.87
2019-02-09 04:18:58,root,112.85.42.87
2019-02-09 04:18:58,root,115.230.127.27
2019-02-09 04:18:56,root,115.230.127.27
2019-02-09 04:18:53,root,115.230.127.27
2019-02-09 04:18:44,root,115.230.127.27
2019-02-09 04:18:42,root,115.230.127.27
2019-02-09 04:18:39,root,115.230.127.27
2019-02-09 04:18:34,root,115.230.127.27
2019-02-09 04:18:32,root,115.230.127.27
2019-02-09 04:18:30,root,115.230.127.27
2019-02-09 04:18:27,root,115.230.127.27
2019-02-09 04:18:25,root,115.230.127.27
2019-02-09 04:18:22,root,115.230.127.27
2019-02-09 04:18:19,root,115.230.127.27
2019-02-09 04:18:17,root,115.230.127.27
2019-02-09 04:18:14,root,115.230.127.27
2019-02-09 04:18:08,root,115.230.127.27
2019-02-09 04:18:08,root,112.85.42.87
2019-02-09 04:18:06,root,112.85.42.87
2019-02-09 04:18:06,root,115.230.127.27
2019-02-09 04:18:04,root,112.85.42.87
2019-02-09 04:18:04,root,115.230.127.27
2019-02-09 04:18:00,root,115.230.127.27
2019-02-09 04:17:58,root,115.230.127.27
2019-02-09 04:17:56,root,115.230.127.27
2019-02-09 04:17:51,root,115.230.127.27
2019-02-09 04:17:49,root,115.230.127.27
2019-02-09 04:17:47,root,115.230.127.27
2019-02-09 04:17:44,root,115.230.127.27
2019-02-09 04:17:41,root,115.230.127.27
2019-02-09 04:17:39,root,115.230.127.27
2019-02-09 04:17:34,root,115.230.127.27
2019-02-09 04:17:31,root,115.230.127.27
2019-02-09 04:17:29,root,115.230.127.27
2019-02-09 04:17:25,root,115.230.127.27
2019-02-09 04:17:23,root,115.230.127.27
2019-02-09 04:17:20,root,115.230.127.27
2019-02-09 04:17:15,root,115.230.127.27
2019-02-09 04:17:13,root,115.230.127.27
2019-02-09 04:17:10,root,115.230.127.27
2019-02-09 04:17:07,root,115.230.127.27
2019-02-09 04:17:06,root,112.85.42.87
2019-02-09 04:17:05,root,115.230.127.27
2019-02-09 04:17:05,root,112.85.42.87
2019-02-09 04:17:03,root,115.230.127.27
2019-02-09 04:17:03,root,112.85.42.87
2019-02-09 04:16:59,root,115.230.127.27
2019-02-09 04:16:57,root,115.230.127.27
2019-02-09 04:16:54,root,115.230.127.27
2019-02-09 04:16:48,root,115.230.127.27
2019-02-09 04:16:45,root,115.230.127.27
2019-02-09 04:16:42,root,115.230.127.27
2019-02-09 04:16:40,root,115.230.127.27
2019-02-09 04:16:38,root,115.230.127.27
2019-02-09 04:16:35,root,115.230.127.27
2019-02-09 04:16:29,root,115.230.127.27
2019-02-09 04:16:27,root,115.230.127.27
2019-02-09 04:16:25,root,115.230.127.27
2019-02-09 04:16:22,root,115.230.127.27
2019-02-09 04:16:20,root,115.230.127.27
2019-02-09 04:16:18,root,115.230.127.27
2019-02-09 04:16:15,root,115.230.127.27
2019-02-09 04:16:13,root,115.230.127.27
2019-02-09 04:16:11,root,115.230.127.27
2019-02-09 04:16:08,root,115.230.127.27
2019-02-09 04:16:05,root,112.85.42.87
2019-02-09 04:16:04,root,115.230.127.27
2019-02-09 04:16:03,root,112.85.42.87
2019-02-09 04:16:01,root,115.230.127.27
2019-02-09 04:16:01,root,112.85.42.87
2019-02-09 04:15:51,root,115.230.127.27
2019-02-09 04:15:49,root,115.230.127.27
2019-02-09 04:15:47,root,115.230.127.27
2019-02-09 04:15:41,root,115.230.127.27
2019-02-09 04:15:37,root,115.230.127.27
2019-02-09 04:15:34,root,115.230.127.27
2019-02-09 04:15:30,root,115.230.127.27
2019-02-09 04:15:28,root,115.230.127.27
2019-02-09 04:15:26,root,115.230.127.27
2019-02-09 04:15:22,root,115.230.127.27
2019-02-09 04:15:21,root,115.230.127.27
2019-02-09 04:15:18,root,115.230.127.27
2019-02-09 04:15:13,root,115.230.127.27
2019-02-09 04:15:11,root,115.230.127.27
2019-02-09 04:15:09,root,115.230.127.27
2019-02-09 04:15:07,root,112.85.42.87
2019-02-09 04:15:07,root,115.230.127.27
2019-02-09 04:15:05,root,112.85.42.87
2019-02-09 04:15:05,root,115.230.127.27
2019-02-09 04:15:03,root,112.85.42.87
2019-02-09 04:15:02,root,115.230.127.27
2019-02-09 04:14:59,root,115.230.127.27
2019-02-09 04:14:57,root,115.230.127.27
2019-02-09 04:14:55,root,115.230.127.27
2019-02-09 04:14:52,root,115.230.127.27
2019-02-09 04:14:50,root,115.230.127.27
2019-02-09 04:14:47,root,115.230.127.27
2019-02-09 04:14:45,root,115.230.127.27
2019-02-09 04:14:43,root,115.230.127.27
2019-02-09 04:14:41,root,115.230.127.27
2019-02-09 04:14:38,root,115.230.127.27
2019-02-09 04:14:35,root,115.230.127.27
2019-02-09 04:14:34,root,115.230.127.27
2019-02-09 04:14:29,root,115.230.127.27
2019-02-09 04:14:27,root,115.230.127.27
2019-02-09 04:14:25,root,115.230.127.27
2019-02-09 04:14:22,root,115.230.127.27
2019-02-09 04:14:20,root,115.230.127.27
2019-02-09 04:14:18,root,115.230.127.27
2019-02-09 04:14:14,root,115.230.127.27
2019-02-09 04:14:12,root,115.230.127.27
2019-02-09 04:14:10,root,115.230.127.27
2019-02-09 04:14:08,root,112.85.42.87
2019-02-09 04:14:06,root,112.85.42.87
2019-02-09 04:14:04,root,112.85.42.87
2019-02-09 04:14:03,root,115.230.127.27
2019-02-09 04:14:01,root,115.230.127.27
2019-02-09 04:13:59,root,115.230.127.27
2019-02-09 04:13:56,root,115.230.127.27
2019-02-09 04:13:54,root,115.230.127.27
2019-02-09 04:13:52,root,115.230.127.27
2019-02-09 04:13:46,root,115.230.127.27
2019-02-09 04:13:43,root,115.230.127.27
2019-02-09 04:13:41,root,115.230.127.27
2019-02-09 04:13:39,root,115.230.127.27
2019-02-09 04:13:37,root,115.230.127.27
2019-02-09 04:13:35,root,115.230.127.27
2019-02-09 04:13:31,root,115.230.127.27
2019-02-09 04:13:30,root,115.230.127.27
2019-02-09 04:13:28,root,115.230.127.27
2019-02-09 04:13:22,root,115.230.127.27
2019-02-09 04:13:21,root,115.230.127.27
2019-02-09 04:13:19,root,115.230.127.27
2019-02-09 04:13:15,root,115.230.127.27
2019-02-09 04:13:13,root,115.230.127.27
2019-02-09 04:13:11,root,115.230.127.27
2019-02-09 04:13:08,root,115.230.127.27
2019-02-09 04:13:08,root,112.85.42.87
2019-02-09 04:13:06,root,115.230.127.27
2019-02-09 04:13:06,root,112.85.42.87
2019-02-09 04:13:05,root,115.230.127.27
2019-02-09 04:13:04,root,112.85.42.87
2019-02-09 04:13:02,root,115.230.127.27
2019-02-09 04:13:00,root,115.230.127.27
2019-02-09 04:12:58,root,115.230.127.27
2019-02-09 04:12:55,root,115.230.127.27
2019-02-09 04:12:53,root,115.230.127.27
2019-02-09 04:12:51,root,115.230.127.27
2019-02-09 04:12:48,root,115.230.127.27
2019-02-09 04:12:47,root,115.230.127.27
2019-02-09 04:12:45,root,115.230.127.27
2019-02-09 04:12:34,root,115.230.127.27
2019-02-09 04:12:32,root,115.230.127.27
2019-02-09 04:12:29,root,115.230.127.27
2019-02-09 04:12:26,root,115.230.127.27
2019-02-09 04:12:24,root,115.230.127.27
2019-02-09 04:12:21,root,115.230.127.27
2019-02-09 04:12:18,root,115.230.127.27
2019-02-09 04:12:17,root,115.230.127.27
2019-02-09 04:12:09,root,112.85.42.87
2019-02-09 04:12:07,root,112.85.42.87
2019-02-09 04:12:06,root,115.230.127.27
2019-02-09 04:12:05,root,112.85.42.87
2019-02-09 04:12:05,root,115.230.127.27
2019-02-09 04:12:02,root,115.230.127.27
2019-02-09 04:12:02,ubuntu,106.251.78.51
2019-02-09 04:12:00,ubuntu,106.251.78.51
2019-02-09 04:11:57,root,115.230.127.27
2019-02-09 04:11:55,root,115.230.127.27
2019-02-09 04:11:53,root,115.230.127.27
2019-02-09 04:11:48,root,115.230.127.27
2019-02-09 04:11:47,root,115.230.127.27
2019-02-09 04:11:44,root,115.230.127.27
2019-02-09 04:11:31,root,115.230.127.27
2019-02-09 04:11:29,root,115.230.127.27
2019-02-09 04:11:28,root,115.230.127.27
2019-02-09 04:11:24,root,115.230.127.27
2019-02-09 04:11:22,root,115.230.127.27
2019-02-09 04:11:21,root,115.230.127.27
2019-02-09 04:11:16,root,115.230.127.27
2019-02-09 04:11:14,root,115.230.127.27
2019-02-09 04:11:12,root,115.230.127.27
2019-02-09 04:11:08,root,112.85.42.87
2019-02-09 04:11:07,root,115.230.127.27
2019-02-09 04:11:06,root,112.85.42.87
2019-02-09 04:11:05,root,115.230.127.27
2019-02-09 04:11:04,root,112.85.42.87
2019-02-09 04:11:03,root,115.230.127.27
2019-02-09 04:11:00,root,115.230.127.27
2019-02-09 04:10:58,root,115.230.127.27
2019-02-09 04:10:57,root,115.230.127.27
2019-02-09 04:10:11,root,112.85.42.87
2019-02-09 04:10:08,root,112.85.42.87
2019-02-09 04:10:06,root,112.85.42.87
2019-02-09 04:09:07,root,115.230.127.27
2019-02-09 04:09:05,root,112.85.42.87
2019-02-09 04:09:05,root,115.230.127.27
2019-02-09 04:09:03,root,112.85.42.87
2019-02-09 04:09:02,root,115.230.127.27
2019-02-09 04:09:01,root,112.85.42.87
2019-02-09 04:08:59,root,115.230.127.27
2019-02-09 04:08:57,root,115.230.127.27
2019-02-09 04:08:55,root,115.230.127.27
2019-02-09 04:08:52,root,115.230.127.27
2019-02-09 04:08:50,root,115.230.127.27
2019-02-09 04:08:48,root,115.230.127.27
2019-02-09 04:08:45,root,115.230.127.27
2019-02-09 04:08:43,root,115.230.127.27
2019-02-09 04:08:41,root,115.230.127.27
2019-02-09 04:08:34,root,115.230.127.27
2019-02-09 04:08:33,root,115.230.127.27
2019-02-09 04:08:31,root,115.230.127.27
2019-02-09 04:08:28,root,115.230.127.27
2019-02-09 04:08:25,root,115.230.127.27
2019-02-09 04:08:23,root,115.230.127.27
2019-02-09 04:08:10,root,115.230.127.27
2019-02-09 04:08:08,root,115.230.127.27
2019-02-09 04:08:06,root,115.230.127.27
2019-02-09 04:08:06,root,112.85.42.87
2019-02-09 04:08:04,root,112.85.42.87
2019-02-09 04:08:03,root,115.230.127.27
2019-02-09 04:08:01,root,115.230.127.27
2019-02-09 04:08:01,root,112.85.42.87
2019-02-09 04:07:59,root,115.230.127.27
2019-02-09 04:07:56,root,115.230.127.27
2019-02-09 04:07:54,root,115.230.127.27
2019-02-09 04:07:52,root,115.230.127.27
2019-02-09 04:07:48,root,115.230.127.27
2019-02-09 04:07:46,root,115.230.127.27
2019-02-09 04:07:44,root,115.230.127.27
2019-02-09 04:07:33,root,115.230.127.27
2019-02-09 04:07:31,root,115.230.127.27
2019-02-09 04:07:29,root,115.230.127.27
2019-02-09 04:07:25,root,115.230.127.27
2019-02-09 04:07:23,root,115.230.127.27
2019-02-09 04:07:21,root,115.230.127.27
2019-02-09 04:07:18,root,115.230.127.27
2019-02-09 04:07:16,root,115.230.127.27
2019-02-09 04:07:14,root,115.230.127.27
2019-02-09 04:07:10,root,115.230.127.27
2019-02-09 04:07:07,root,115.230.127.27
2019-02-09 04:07:06,root,112.85.42.87
2019-02-09 04:07:05,root,115.230.127.27
2019-02-09 04:07:04,root,112.85.42.87
2019-02-09 04:07:03,root,115.230.127.27
2019-02-09 04:07:02,root,112.85.42.87
2019-02-09 04:07:01,root,115.230.127.27
2019-02-09 04:06:59,root,115.230.127.27
2019-02-09 04:06:51,root,115.230.127.27
2019-02-09 04:06:49,root,115.230.127.27
2019-02-09 04:06:46,root,115.230.127.27
2019-02-09 04:06:43,root,115.230.127.27
2019-02-09 04:06:41,root,115.230.127.27
2019-02-09 04:06:39,root,115.230.127.27
2019-02-09 04:06:36,root,115.230.127.27
2019-02-09 04:06:34,root,115.230.127.27
2019-02-09 04:06:31,root,115.230.127.27
2019-02-09 04:06:29,root,115.230.127.27
2019-02-09 04:06:27,root,115.230.127.27
2019-02-09 04:06:25,root,115.230.127.27
2019-02-09 04:06:22,root,115.230.127.27
2019-02-09 04:06:20,root,115.230.127.27
2019-02-09 04:06:18,root,115.230.127.27
2019-02-09 04:06:08,root,115.230.127.27
2019-02-09 04:06:08,root,112.85.42.87
2019-02-09 04:06:06,root,115.230.127.27
2019-02-09 04:06:06,root,112.85.42.87
2019-02-09 04:06:04,root,115.230.127.27
2019-02-09 04:06:03,root,112.85.42.87
2019-02-09 04:05:56,root,115.230.127.27
2019-02-09 04:05:54,root,115.230.127.27
2019-02-09 04:05:53,root,115.230.127.27
2019-02-09 04:05:50,root,115.230.127.27
2019-02-09 04:05:48,root,115.230.127.27
2019-02-09 04:05:46,root,115.230.127.27
2019-02-09 04:05:41,root,115.230.127.27
2019-02-09 04:05:39,root,115.230.127.27
2019-02-09 04:05:37,root,115.230.127.27
2019-02-09 04:05:31,root,115.230.127.27
2019-02-09 04:05:29,root,115.230.127.27
2019-02-09 04:05:26,root,115.230.127.27
2019-02-09 04:05:21,root,115.230.127.27
2019-02-09 04:05:19,root,115.230.127.27
2019-02-09 04:05:17,root,115.230.127.27
2019-02-09 04:05:12,root,115.230.127.27
2019-02-09 04:05:11,root,115.230.127.27
2019-02-09 04:05:09,root,115.230.127.27
2019-02-09 04:05:05,root,112.85.42.87
2019-02-09 04:05:03,root,112.85.42.87
2019-02-09 04:05:01,root,115.230.127.27
2019-02-09 04:05:00,root,112.85.42.87
2019-02-09 04:04:59,root,115.230.127.27
2019-02-09 04:04:57,root,115.230.127.27
2019-02-09 04:04:54,root,115.230.127.27
2019-02-09 04:04:51,root,115.230.127.27
2019-02-09 04:04:49,root,115.230.127.27
2019-02-09 04:04:46,root,115.230.127.27
2019-02-09 04:04:43,root,115.230.127.27
2019-02-09 04:04:41,root,115.230.127.27
2019-02-09 04:04:37,root,115.230.127.27
2019-02-09 04:04:35,root,115.230.127.27
2019-02-09 04:04:33,root,115.230.127.27
2019-02-09 04:04:30,root,115.230.127.27
2019-02-09 04:04:28,root,115.230.127.27
2019-02-09 04:04:24,root,115.230.127.27
2019-02-09 04:04:19,root,115.230.127.27
2019-02-09 04:04:17,root,115.230.127.27
2019-02-09 04:04:14,root,115.230.127.27
2019-02-09 04:04:11,root,115.230.127.27
2019-02-09 04:04:09,root,115.230.127.27
2019-02-09 04:04:07,root,112.85.42.87
2019-02-09 04:04:06,root,115.230.127.27
2019-02-09 04:04:05,root,112.85.42.87
2019-02-09 04:04:03,root,115.230.127.27
2019-02-09 04:04:02,root,112.85.42.87
2019-02-09 04:04:01,root,115.230.127.27
2019-02-09 04:03:59,root,115.230.127.27
2019-02-09 04:03:55,root,115.230.127.27
2019-02-09 04:03:53,root,115.230.127.27
2019-02-09 04:03:50,root,115.230.127.27
2019-02-09 04:03:44,root,115.230.127.27
2019-02-09 04:03:41,root,115.230.127.27
2019-02-09 04:03:37,root,115.230.127.27
2019-02-09 04:03:34,root,115.230.127.27
2019-02-09 04:03:31,root,115.230.127.27
2019-02-09 04:03:29,root,115.230.127.27
2019-02-09 04:03:26,root,115.230.127.27
2019-02-09 04:03:23,root,115.230.127.27
2019-02-09 04:03:21,root,115.230.127.27
2019-02-09 04:03:06,root,115.230.127.27
2019-02-09 04:03:05,root,112.85.42.87
2019-02-09 04:03:04,root,115.230.127.27
2019-02-09 04:03:03,root,112.85.42.87
2019-02-09 04:03:01,root,115.230.127.27
2019-02-09 04:03:00,root,112.85.42.87
2019-02-09 04:02:56,root,115.230.127.27
2019-02-09 04:02:54,root,115.230.127.27
2019-02-09 04:02:52,root,115.230.127.27
2019-02-09 04:02:49,root,115.230.127.27
2019-02-09 04:02:47,root,115.230.127.27
2019-02-09 04:02:45,root,115.230.127.27
2019-02-09 04:02:42,root,115.230.127.27
2019-02-09 04:02:40,root,115.230.127.27
2019-02-09 04:02:37,root,115.230.127.27
2019-02-09 04:02:35,root,115.230.127.27
2019-02-09 04:02:33,root,115.230.127.27
2019-02-09 04:02:30,root,115.230.127.27
2019-02-09 04:02:27,root,115.230.127.27
2019-02-09 04:02:24,root,115.230.127.27
2019-02-09 04:02:22,root,115.230.127.27
2019-02-09 04:02:17,root,115.230.127.27
2019-02-09 04:02:16,root,115.230.127.27
2019-02-09 04:02:13,root,115.230.127.27
2019-02-09 04:02:09,root,115.230.127.27
2019-02-09 04:02:07,root,115.230.127.27
2019-02-09 04:02:05,root,115.230.127.27
2019-02-09 04:02:02,root,115.230.127.27
2019-02-09 04:02:00,root,112.85.42.87
2019-02-09 04:01:59,root,115.230.127.27
2019-02-09 04:01:58,root,112.85.42.87
2019-02-09 04:01:57,root,115.230.127.27
2019-02-09 04:01:56,root,112.85.42.87
2019-02-09 04:01:53,root,115.230.127.27
2019-02-09 04:01:51,root,115.230.127.27
2019-02-09 04:01:48,root,115.230.127.27
2019-02-09 04:01:46,root,115.230.127.27
2019-02-09 04:01:43,root,115.230.127.27
2019-02-09 04:01:41,root,115.230.127.27
2019-02-09 04:01:38,root,115.230.127.27
2019-02-09 04:01:35,root,115.230.127.27
2019-02-09 04:01:34,root,115.230.127.27
2019-02-09 04:01:31,root,115.230.127.27
2019-02-09 04:01:28,root,115.230.127.27
2019-02-09 04:01:27,root,115.230.127.27
2019-02-09 04:01:23,root,115.230.127.27
2019-02-09 04:01:22,root,115.230.127.27
2019-02-09 04:01:20,root,115.230.127.27
2019-02-09 04:01:05,root,112.85.42.87
2019-02-09 04:01:03,root,112.85.42.87
2019-02-09 04:01:01,root,112.85.42.87
2019-02-09 04:01:00,root,115.230.127.27
2019-02-09 04:00:58,root,115.230.127.27
2019-02-09 04:00:57,root,115.230.127.27
2019-02-09 04:00:53,root,115.230.127.27
2019-02-09 04:00:51,root,115.230.127.27
2019-02-09 04:00:49,root,115.230.127.27
2019-02-09 04:00:47,root,115.230.127.27
2019-02-09 04:00:45,root,115.230.127.27
2019-02-09 04:00:43,root,115.230.127.27
2019-02-09 04:00:41,root,115.230.127.27
2019-02-09 04:00:39,root,115.230.127.27
2019-02-09 04:00:37,root,115.230.127.27
2019-02-09 04:00:34,root,115.230.127.27
2019-02-09 04:00:32,root,115.230.127.27
2019-02-09 04:00:29,root,115.230.127.27
2019-02-09 04:00:27,root,115.230.127.27
2019-02-09 04:00:26,root,115.230.127.27
2019-02-09 04:00:23,root,115.230.127.27
2019-02-09 04:00:16,root,115.230.127.27
2019-02-09 04:00:14,root,115.230.127.27
2019-02-09 04:00:12,root,115.230.127.27
2019-02-09 04:00:10,root,115.230.127.27
2019-02-09 04:00:08,root,115.230.127.27
2019-02-09 04:00:06,root,115.230.127.27
2019-02-09 04:00:06,root,112.85.42.87
2019-02-09 04:00:03,root,112.85.42.87
2019-02-09 04:00:03,root,115.230.127.27
2019-02-09 04:00:02,root,112.85.42.87
2019-02-09 04:00:01,root,115.230.127.27
2019-02-09 03:59:59,root,115.230.127.27
2019-02-09 03:59:56,root,115.230.127.27
2019-02-09 03:59:54,root,115.230.127.27
2019-02-09 03:59:52,root,115.230.127.27
2019-02-09 03:59:49,root,115.230.127.27
2019-02-09 03:59:47,root,115.230.127.27
2019-02-09 03:59:44,root,115.230.127.27
2019-02-09 03:59:42,root,115.230.127.27
2019-02-09 03:59:40,root,115.230.127.27
2019-02-09 03:59:38,root,115.230.127.27
2019-02-09 03:59:35,root,115.230.127.27
2019-02-09 03:59:33,root,115.230.127.27
2019-02-09 03:59:31,root,115.230.127.27
2019-02-09 03:59:28,root,115.230.127.27
2019-02-09 03:59:26,root,115.230.127.27
2019-02-09 03:59:24,root,115.230.127.27
2019-02-09 03:59:21,root,115.230.127.27
2019-02-09 03:59:20,root,115.230.127.27
2019-02-09 03:59:18,root,115.230.127.27
2019-02-09 03:59:11,root,115.230.127.27
2019-02-09 03:59:09,root,112.85.42.87
2019-02-09 03:59:09,root,115.230.127.27
2019-02-09 03:59:08,root,115.230.127.27
2019-02-09 03:59:07,root,112.85.42.87
2019-02-09 03:59:05,root,112.85.42.87
2019-02-09 03:59:05,root,115.230.127.27
2019-02-09 03:59:03,root,115.230.127.27
2019-02-09 03:59:00,root,115.230.127.27
2019-02-09 03:58:57,root,115.230.127.27
2019-02-09 03:58:55,root,115.230.127.27
2019-02-09 03:58:53,root,115.230.127.27
2019-02-09 03:58:51,root,115.230.127.27
2019-02-09 03:58:48,root,115.230.127.27
2019-02-09 03:58:45,root,115.230.127.27
2019-02-09 03:58:43,root,115.230.127.27
2019-02-09 03:58:41,root,115.230.127.27
2019-02-09 03:58:39,root,115.230.127.27
2019-02-09 03:58:37,root,115.230.127.27
2019-02-09 03:58:35,root,115.230.127.27
2019-02-09 03:58:33,root,115.230.127.27
2019-02-09 03:58:24,root,115.230.127.27
2019-02-09 03:58:22,root,115.230.127.27
2019-02-09 03:58:20,root,115.230.127.27
2019-02-09 03:58:18,root,115.230.127.27
2019-02-09 03:58:15,root,115.230.127.27
2019-02-09 03:58:14,root,115.230.127.27
2019-02-09 03:58:11,root,115.230.127.27
2019-02-09 03:58:09,root,112.85.42.87
2019-02-09 03:58:09,root,115.230.127.27
2019-02-09 03:58:07,root,112.85.42.87
2019-02-09 03:58:06,root,115.230.127.27
2019-02-09 03:58:05,root,112.85.42.87
2019-02-09 03:58:01,root,115.230.127.27
2019-02-09 03:57:59,root,115.230.127.27
2019-02-09 03:57:57,root,115.230.127.27
2019-02-09 03:57:39,root,115.230.127.27
2019-02-09 03:57:37,root,115.230.127.27
2019-02-09 03:57:35,root,115.230.127.27
2019-02-09 03:57:33,root,115.230.127.27
2019-02-09 03:57:30,root,115.230.127.27
2019-02-09 03:57:28,root,115.230.127.27
2019-02-09 03:57:25,root,115.230.127.27
2019-02-09 03:57:23,root,115.230.127.27
2019-02-09 03:57:22,root,115.230.127.27
2019-02-09 03:57:18,root,115.230.127.27
2019-02-09 03:57:16,root,115.230.127.27
2019-02-09 03:57:13,root,115.230.127.27
2019-02-09 03:57:10,root,115.230.127.27
2019-02-09 03:57:07,root,115.230.127.27
2019-02-09 03:57:05,root,115.230.127.27
2019-02-09 03:57:04,root,112.85.42.87
2019-02-09 03:57:02,root,115.230.127.27
2019-02-09 03:57:01,root,112.85.42.87
2019-02-09 03:57:00,root,115.230.127.27
2019-02-09 03:56:59,root,112.85.42.87
2019-02-09 03:56:58,root,115.230.127.27
2019-02-09 03:56:54,root,115.230.127.27
2019-02-09 03:56:52,root,115.230.127.27
2019-02-09 03:56:49,root,115.230.127.27
2019-02-09 03:56:46,root,115.230.127.27
2019-02-09 03:56:38,root,115.230.127.27
2019-02-09 03:56:36,root,115.230.127.27
2019-02-09 03:56:30,root,115.230.127.27
2019-02-09 03:56:28,root,115.230.127.27
2019-02-09 03:56:25,root,115.230.127.27
2019-02-09 03:56:22,root,115.230.127.27
2019-02-09 03:56:21,root,115.230.127.27
2019-02-09 03:56:18,root,115.230.127.27
2019-02-09 03:56:15,root,115.230.127.27
2019-02-09 03:56:12,root,115.230.127.27
2019-02-09 03:56:10,root,115.230.127.27
2019-02-09 03:56:07,root,115.230.127.27
2019-02-09 03:56:07,root,112.85.42.87
2019-02-09 03:56:05,root,115.230.127.27
2019-02-09 03:56:05,root,112.85.42.87
2019-02-09 03:56:03,root,115.230.127.27
2019-02-09 03:56:03,root,112.85.42.87
2019-02-09 03:55:57,root,115.230.127.27
2019-02-09 03:55:55,root,115.230.127.27
2019-02-09 03:55:52,root,115.230.127.27
2019-02-09 03:55:49,root,115.230.127.27
2019-02-09 03:55:47,root,115.230.127.27
2019-02-09 03:55:45,root,115.230.127.27
2019-02-09 03:55:41,root,115.230.127.27
2019-02-09 03:55:39,root,115.230.127.27
2019-02-09 03:55:37,root,115.230.127.27
2019-02-09 03:55:34,root,115.230.127.27
2019-02-09 03:55:31,root,115.230.127.27
2019-02-09 03:55:29,root,115.230.127.27
2019-02-09 03:55:26,root,115.230.127.27
2019-02-09 03:55:23,root,115.230.127.27
2019-02-09 03:55:20,root,115.230.127.27
2019-02-09 03:55:16,root,115.230.127.27
2019-02-09 03:55:15,root,115.230.127.27
2019-02-09 03:55:12,root,115.230.127.27
2019-02-09 03:55:09,root,115.230.127.27
2019-02-09 03:55:08,root,115.230.127.27
2019-02-09 03:55:06,root,112.85.42.87
2019-02-09 03:55:06,root,115.230.127.27
2019-02-09 03:55:04,root,112.85.42.87
2019-02-09 03:55:02,root,112.85.42.87
2019-02-09 03:55:01,root,115.230.127.27
2019-02-09 03:54:59,root,115.230.127.27
2019-02-09 03:54:57,root,115.230.127.27
2019-02-09 03:54:54,root,115.230.127.27
2019-02-09 03:54:52,root,115.230.127.27
2019-02-09 03:54:49,root,115.230.127.27
2019-02-09 03:54:45,root,115.230.127.27
2019-02-09 03:54:44,root,115.230.127.27
2019-02-09 03:54:42,root,115.230.127.27
2019-02-09 03:54:39,root,115.230.127.27
2019-02-09 03:54:36,root,115.230.127.27
2019-02-09 03:54:35,root,115.230.127.27
2019-02-09 03:54:32,root,115.230.127.27
2019-02-09 03:54:30,root,115.230.127.27
2019-02-09 03:54:27,root,115.230.127.27
2019-02-09 03:54:22,root,115.230.127.27
2019-02-09 03:54:19,root,115.230.127.27
2019-02-09 03:54:17,root,115.230.127.27
2019-02-09 03:54:13,root,115.230.127.27
2019-02-09 03:54:10,root,115.230.127.27
2019-02-09 03:54:09,root,115.230.127.27
2019-02-09 03:54:05,root,112.85.42.87
2019-02-09 03:54:03,root,115.230.127.27
2019-02-09 03:54:02,root,112.85.42.87
2019-02-09 03:54:00,root,115.230.127.27
2019-02-09 03:54:00,root,112.85.42.87
2019-02-09 03:53:58,root,115.230.127.27
2019-02-09 03:53:55,root,115.230.127.27
2019-02-09 03:53:53,root,115.230.127.27
2019-02-09 03:53:51,root,115.230.127.27
2019-02-09 03:53:49,root,115.230.127.27
2019-02-09 03:53:47,root,115.230.127.27
2019-02-09 03:53:45,root,115.230.127.27
2019-02-09 03:53:43,root,115.230.127.27
2019-02-09 03:53:40,root,115.230.127.27
2019-02-09 03:53:39,root,115.230.127.27
2019-02-09 03:53:35,root,115.230.127.27
2019-02-09 03:53:32,root,115.230.127.27
2019-02-09 03:53:30,root,115.230.127.27
2019-02-09 03:53:25,root,115.230.127.27
2019-02-09 03:53:23,root,115.230.127.27
2019-02-09 03:53:21,root,115.230.127.27
2019-02-09 03:53:15,phion,200.178.253.213
2019-02-09 03:53:12,phion,200.178.253.213
2019-02-09 03:53:07,root,115.230.127.27
2019-02-09 03:53:05,root,112.85.42.87
2019-02-09 03:53:04,root,115.230.127.27
2019-02-09 03:53:03,root,112.85.42.87
2019-02-09 03:53:03,root,115.230.127.27
2019-02-09 03:53:01,root,112.85.42.87
2019-02-09 03:53:00,root,115.230.127.27
2019-02-09 03:52:58,root,115.230.127.27
2019-02-09 03:52:56,root,115.230.127.27
2019-02-09 03:52:51,root,115.230.127.27
2019-02-09 03:52:48,root,115.230.127.27
2019-02-09 03:52:46,root,115.230.127.27
2019-02-09 03:52:43,root,115.230.127.27
2019-02-09 03:52:40,root,115.230.127.27
2019-02-09 03:52:39,root,115.230.127.27
2019-02-09 03:52:34,root,115.230.127.27
2019-02-09 03:52:31,root,115.230.127.27
2019-02-09 03:52:29,root,115.230.127.27
2019-02-09 03:52:26,root,115.230.127.27
2019-02-09 03:52:24,root,115.230.127.27
2019-02-09 03:52:22,root,115.230.127.27
2019-02-09 03:52:17,root,115.230.127.27
2019-02-09 03:52:16,root,115.230.127.27
2019-02-09 03:52:14,root,115.230.127.27
2019-02-09 03:52:11,root,115.230.127.27
2019-02-09 03:52:09,root,115.230.127.27
2019-02-09 03:52:06,root,115.230.127.27
2019-02-09 03:52:04,root,115.230.127.27
2019-02-09 03:52:03,root,112.85.42.87
2019-02-09 03:52:02,root,115.230.127.27
2019-02-09 03:52:02,root,112.85.42.87
2019-02-09 03:51:59,root,115.230.127.27
2019-02-09 03:51:59,root,112.85.42.87
2019-02-09 03:51:56,root,115.230.127.27
2019-02-09 03:51:54,root,115.230.127.27
2019-02-09 03:51:52,root,115.230.127.27
2019-02-09 03:51:48,root,115.230.127.27
2019-02-09 03:51:45,root,115.230.127.27
2019-02-09 03:51:43,root,115.230.127.27
2019-02-09 03:51:38,root,115.230.127.27
2019-02-09 03:51:36,root,115.230.127.27
2019-02-09 03:51:33,root,115.230.127.27
2019-02-09 03:51:26,root,115.230.127.27
2019-02-09 03:51:23,root,115.230.127.27
2019-02-09 03:51:20,root,115.230.127.27
2019-02-09 03:51:17,root,115.230.127.27
2019-02-09 03:51:15,root,115.230.127.27
2019-02-09 03:51:13,root,115.230.127.27
2019-02-09 03:51:09,root,115.230.127.27
2019-02-09 03:51:07,root,115.230.127.27
2019-02-09 03:51:05,root,115.230.127.27
2019-02-09 03:51:02,root,112.85.42.87
2019-02-09 03:51:02,root,115.230.127.27
2019-02-09 03:50:59,root,112.85.42.87
2019-02-09 03:50:59,root,115.230.127.27
2019-02-09 03:50:57,root,112.85.42.87
2019-02-09 03:50:57,root,115.230.127.27
2019-02-09 03:50:52,root,115.230.127.27
2019-02-09 03:50:49,root,115.230.127.27
2019-02-09 03:50:46,root,115.230.127.27
2019-02-09 03:50:42,root,115.230.127.27
2019-02-09 03:50:40,root,115.230.127.27
2019-02-09 03:50:37,root,115.230.127.27
2019-02-09 03:50:34,root,115.230.127.27
2019-02-09 03:50:32,root,115.230.127.27
2019-02-09 03:50:29,root,115.230.127.27
2019-02-09 03:50:25,root,115.230.127.27
2019-02-09 03:50:23,root,115.230.127.27
2019-02-09 03:50:21,root,115.230.127.27
2019-02-09 03:50:18,root,115.230.127.27
2019-02-09 03:50:15,root,115.230.127.27
2019-02-09 03:50:12,root,115.230.127.27
2019-02-09 03:50:08,root,115.230.127.27
2019-02-09 03:50:06,root,115.230.127.27
2019-02-09 03:50:05,root,112.85.42.87
2019-02-09 03:50:04,root,115.230.127.27
2019-02-09 03:50:03,root,112.85.42.87
2019-02-09 03:50:01,root,115.230.127.27
2019-02-09 03:50:00,root,112.85.42.87
2019-02-09 03:49:59,root,115.230.127.27
2019-02-09 03:49:57,root,115.230.127.27
2019-02-09 03:49:54,root,115.230.127.27
2019-02-09 03:49:51,root,115.230.127.27
2019-02-09 03:49:49,root,115.230.127.27
2019-02-09 03:49:46,root,115.230.127.27
2019-02-09 03:49:44,root,115.230.127.27
2019-02-09 03:49:42,root,115.230.127.27
2019-02-09 03:49:36,root,115.230.127.27
2019-02-09 03:49:34,root,115.230.127.27
2019-02-09 03:49:32,root,115.230.127.27
2019-02-09 03:49:30,root,115.230.127.27
2019-02-09 03:49:28,root,115.230.127.27
2019-02-09 03:49:26,root,115.230.127.27
2019-02-09 03:49:22,root,115.230.127.27
2019-02-09 03:49:19,root,115.230.127.27
2019-02-09 03:49:17,root,115.230.127.27
2019-02-09 03:49:11,root,115.230.127.27
2019-02-09 03:49:10,root,115.230.127.27
2019-02-09 03:49:07,root,115.230.127.27
2019-02-09 03:49:04,root,115.230.127.27
2019-02-09 03:49:02,root,115.230.127.27
2019-02-09 03:49:00,root,115.230.127.27
2019-02-09 03:48:52,root,115.230.127.27
2019-02-09 03:48:51,root,115.230.127.27
2019-02-09 03:48:48,root,115.230.127.27
2019-02-09 03:48:45,root,115.230.127.27
2019-02-09 03:48:43,root,115.230.127.27
2019-02-09 03:48:41,root,115.230.127.27
2019-02-09 03:48:37,root,115.230.127.27
2019-02-09 03:48:34,root,115.230.127.27
2019-02-09 03:48:32,root,115.230.127.27
2019-02-09 03:48:26,root,115.230.127.27
2019-02-09 03:48:23,root,115.230.127.27
2019-02-09 03:48:20,root,115.230.127.27
2019-02-09 03:48:16,root,115.230.127.27
2019-02-09 03:48:15,root,115.230.127.27
2019-02-09 03:48:13,root,115.230.127.27
2019-02-09 03:48:10,root,115.230.127.27
2019-02-09 03:48:08,root,115.230.127.27
2019-02-09 03:48:05,root,115.230.127.27
2019-02-09 03:48:04,root,112.85.42.87
2019-02-09 03:48:03,root,115.230.127.27
2019-02-09 03:48:02,root,112.85.42.87
2019-02-09 03:48:00,root,115.230.127.27
2019-02-09 03:48:00,root,112.85.42.87
2019-02-09 03:47:58,root,115.230.127.27
2019-02-09 03:47:56,root,115.230.127.27
2019-02-09 03:47:53,root,115.230.127.27
2019-02-09 03:47:51,root,115.230.127.27
2019-02-09 03:47:48,root,115.230.127.27
2019-02-09 03:47:46,root,115.230.127.27
2019-02-09 03:47:44,root,115.230.127.27
2019-02-09 03:47:28,root,115.230.127.27
2019-02-09 03:47:26,root,115.230.127.27
2019-02-09 03:47:24,root,115.230.127.27
2019-02-09 03:47:21,root,115.230.127.27
2019-02-09 03:47:19,root,115.230.127.27
2019-02-09 03:47:17,root,115.230.127.27
2019-02-09 03:47:06,root,112.85.42.87
2019-02-09 03:47:04,root,112.85.42.87
2019-02-09 03:47:02,root,112.85.42.87
2019-02-09 03:46:57,root,115.230.127.27
2019-02-09 03:46:54,root,115.230.127.27
2019-02-09 03:46:52,root,115.230.127.27
2019-02-09 03:46:49,root,115.230.127.27
2019-02-09 03:46:47,root,115.230.127.27
2019-02-09 03:46:45,root,115.230.127.27
2019-02-09 03:46:43,root,115.230.127.27
2019-02-09 03:46:40,root,115.230.127.27
2019-02-09 03:46:38,root,115.230.127.27
2019-02-09 03:46:34,root,115.230.127.27
2019-02-09 03:46:32,root,115.230.127.27
2019-02-09 03:46:24,root,115.230.127.27
2019-02-09 03:46:14,root,115.230.127.27
2019-02-09 03:46:13,root,115.230.127.27
2019-02-09 03:46:10,root,115.230.127.27
2019-02-09 03:46:06,root,112.85.42.87
2019-02-09 03:46:04,root,112.85.42.87
2019-02-09 03:46:02,root,112.85.42.87
2019-02-09 03:45:57,root,115.230.127.27
2019-02-09 03:45:55,root,115.230.127.27
2019-02-09 03:45:53,root,115.230.127.27
2019-02-09 03:45:49,root,115.230.127.27
2019-02-09 03:45:47,root,115.230.127.27
2019-02-09 03:45:45,root,115.230.127.27
2019-02-09 03:45:41,root,115.230.127.27
2019-02-09 03:45:40,root,115.230.127.27
2019-02-09 03:45:38,root,115.230.127.27
2019-02-09 03:45:35,root,115.230.127.27
2019-02-09 03:45:32,root,115.230.127.27
2019-02-09 03:45:30,root,115.230.127.27
2019-02-09 03:45:27,root,115.230.127.27
2019-02-09 03:45:26,root,115.230.127.27
2019-02-09 03:45:23,root,115.230.127.27
2019-02-09 03:45:20,root,115.230.127.27
2019-02-09 03:45:18,root,115.230.127.27
2019-02-09 03:45:16,root,115.230.127.27
2019-02-09 03:45:09,root,112.85.42.87
2019-02-09 03:45:09,root,115.230.127.27
2019-02-09 03:45:07,root,115.230.127.27
2019-02-09 03:45:07,root,112.85.42.87
2019-02-09 03:45:05,root,115.230.127.27
2019-02-09 03:45:05,root,112.85.42.87
2019-02-09 03:44:55,root,115.230.127.27
2019-02-09 03:44:53,root,115.230.127.27
2019-02-09 03:44:51,root,115.230.127.27
2019-02-09 03:44:48,root,115.230.127.27
2019-02-09 03:44:46,root,115.230.127.27
2019-02-09 03:44:44,root,115.230.127.27
2019-02-09 03:44:41,root,115.230.127.27
2019-02-09 03:44:38,root,115.230.127.27
2019-02-09 03:44:36,root,115.230.127.27
2019-02-09 03:44:28,root,115.230.127.27
2019-02-09 03:44:26,root,115.230.127.27
2019-02-09 03:44:24,root,115.230.127.27
2019-02-09 03:44:19,root,115.230.127.27
2019-02-09 03:44:18,root,115.230.127.27
2019-02-09 03:44:15,root,115.230.127.27
2019-02-09 03:44:11,root,115.230.127.27
2019-02-09 03:44:08,root,115.230.127.27
2019-02-09 03:44:06,root,115.230.127.27
2019-02-09 03:44:04,root,112.85.42.87
2019-02-09 03:44:02,root,115.230.127.27
2019-02-09 03:44:02,root,112.85.42.87
2019-02-09 03:44:00,root,115.230.127.27
2019-02-09 03:43:59,root,112.85.42.87
2019-02-09 03:43:57,root,115.230.127.27
2019-02-09 03:43:50,root,115.230.127.27
2019-02-09 03:43:48,root,115.230.127.27
2019-02-09 03:43:45,root,115.230.127.27
2019-02-09 03:43:43,root,115.230.127.27
2019-02-09 03:43:41,root,115.230.127.27
2019-02-09 03:43:38,root,115.230.127.27
2019-02-09 03:43:34,root,115.230.127.27
2019-02-09 03:43:32,root,115.230.127.27
2019-02-09 03:43:30,root,115.230.127.27
2019-02-09 03:43:26,root,115.230.127.27
2019-02-09 03:43:24,root,115.230.127.27
2019-02-09 03:43:22,root,115.230.127.27
2019-02-09 03:43:18,root,115.230.127.27
2019-02-09 03:43:15,root,115.230.127.27
2019-02-09 03:43:12,root,115.230.127.27
2019-02-09 03:43:10,root,115.230.127.27
2019-02-09 03:43:08,root,115.230.127.27
2019-02-09 03:43:06,root,115.230.127.27
2019-02-09 03:43:02,root,115.230.127.27
2019-02-09 03:43:00,root,115.230.127.27
2019-02-09 03:42:58,root,115.230.127.27
2019-02-09 03:42:49,root,115.230.127.27
2019-02-09 03:42:47,root,115.230.127.27
2019-02-09 03:42:46,root,115.230.127.27
2019-02-09 03:42:41,root,115.230.127.27
2019-02-09 03:42:39,root,115.230.127.27
2019-02-09 03:42:37,root,115.230.127.27
2019-02-09 03:42:33,root,115.230.127.27
2019-02-09 03:42:30,root,115.230.127.27
2019-02-09 03:42:29,root,115.230.127.27
2019-02-09 03:42:24,root,115.230.127.27
2019-02-09 03:42:22,root,115.230.127.27
2019-02-09 03:42:19,root,115.230.127.27
2019-02-09 03:42:10,root,115.230.127.27
2019-02-09 03:42:08,root,115.230.127.27
2019-02-09 03:42:06,root,115.230.127.27
2019-02-09 03:41:57,root,115.230.127.27
2019-02-09 03:41:55,root,115.230.127.27
2019-02-09 03:41:53,root,115.230.127.27
2019-02-09 03:41:35,root,115.230.127.27
2019-02-09 03:41:33,root,115.230.127.27
2019-02-09 03:41:31,root,115.230.127.27
2019-02-09 03:41:28,root,115.230.127.27
2019-02-09 03:41:26,root,115.230.127.27
2019-02-09 03:41:24,root,115.230.127.27
2019-02-09 03:41:19,root,115.230.127.27
2019-02-09 03:41:17,root,115.230.127.27
2019-02-09 03:41:14,root,115.230.127.27
2019-02-09 03:41:11,root,115.230.127.27
2019-02-09 03:41:09,root,115.230.127.27
2019-02-09 03:41:07,root,115.230.127.27
2019-02-09 03:41:03,root,115.230.127.27
2019-02-09 03:41:01,root,115.230.127.27
2019-02-09 03:40:59,root,115.230.127.27
2019-02-09 03:40:56,root,115.230.127.27
2019-02-09 03:40:54,root,115.230.127.27
2019-02-09 03:40:52,root,115.230.127.27
2019-02-09 03:40:45,root,115.230.127.27
2019-02-09 03:40:43,root,115.230.127.27
2019-02-09 03:40:41,root,115.230.127.27
2019-02-09 03:40:39,root,115.230.127.27
2019-02-09 03:40:37,root,115.230.127.27
2019-02-09 03:40:35,root,115.230.127.27
2019-02-09 03:40:32,root,115.230.127.27
2019-02-09 03:40:30,root,115.230.127.27
2019-02-09 03:40:29,root,115.230.127.27
2019-02-09 03:40:19,root,115.230.127.27
2019-02-09 03:40:17,root,115.230.127.27
2019-02-09 03:40:15,root,115.230.127.27
2019-02-09 03:40:12,root,115.230.127.27
2019-02-09 03:40:11,root,115.230.127.27
2019-02-09 03:40:08,root,115.230.127.27
2019-02-09 03:40:03,root,115.230.127.27
2019-02-09 03:40:01,root,115.230.127.27
2019-02-09 03:39:59,root,115.230.127.27
2019-02-09 03:39:56,root,115.230.127.27
2019-02-09 03:39:52,root,115.230.127.27
2019-02-09 03:39:50,root,115.230.127.27
2019-02-09 03:39:42,root,115.230.127.27
2019-02-09 03:39:40,root,115.230.127.27
2019-02-09 03:39:37,root,115.230.127.27
2019-02-09 03:39:35,root,115.230.127.27
2019-02-09 03:39:33,root,115.230.127.27
2019-02-09 03:39:30,root,115.230.127.27
2019-02-09 03:39:27,root,115.230.127.27
2019-02-09 03:39:26,root,115.230.127.27
2019-02-09 03:39:24,root,115.230.127.27
2019-02-09 03:39:21,root,115.230.127.27
2019-02-09 03:39:19,root,115.230.127.27
2019-02-09 03:39:17,root,115.230.127.27
2019-02-09 03:39:16,root,112.85.42.87
2019-02-09 03:39:14,root,115.230.127.27
2019-02-09 03:39:12,root,115.230.127.27
2019-02-09 03:39:10,root,115.230.127.27
2019-02-09 03:39:08,root,112.85.42.87
2019-02-09 03:39:07,root,115.230.127.27
2019-02-09 03:39:05,root,115.230.127.27
2019-02-09 03:39:03,root,115.230.127.27
2019-02-09 03:38:59,root,115.230.127.27
2019-02-09 03:38:57,root,115.230.127.27
2019-02-09 03:38:55,root,115.230.127.27
2019-02-09 03:38:50,root,115.230.127.27
2019-02-09 03:38:48,root,115.230.127.27
2019-02-09 03:38:45,root,115.230.127.27
2019-02-09 03:38:41,root,115.230.127.27
2019-02-09 03:38:39,root,115.230.127.27
2019-02-09 03:38:37,root,115.230.127.27
2019-02-09 03:38:34,root,115.230.127.27
2019-02-09 03:38:32,root,115.230.127.27
2019-02-09 03:38:29,root,115.230.127.27
2019-02-09 03:38:24,root,115.230.127.27
2019-02-09 03:38:22,root,115.230.127.27
2019-02-09 03:38:20,root,115.230.127.27
2019-02-09 03:38:17,root,115.230.127.27
2019-02-09 03:38:14,root,115.230.127.27
2019-02-09 03:38:12,root,112.85.42.87
2019-02-09 03:38:11,root,115.230.127.27
2019-02-09 03:38:09,root,112.85.42.87
2019-02-09 03:38:08,root,115.230.127.27
2019-02-09 03:38:06,root,112.85.42.87
2019-02-09 03:38:05,root,115.230.127.27
2019-02-09 03:38:04,root,115.230.127.27
2019-02-09 03:38:01,root,115.230.127.27
2019-02-09 03:37:59,root,115.230.127.27
2019-02-09 03:37:56,root,115.230.127.27
2019-02-09 03:37:53,root,115.230.127.27
2019-02-09 03:37:51,root,115.230.127.27
2019-02-09 03:37:49,root,115.230.127.27
2019-02-09 03:37:46,root,115.230.127.27
2019-02-09 03:37:43,root,115.230.127.27
2019-02-09 03:37:40,root,115.230.127.27
2019-02-09 03:37:34,root,115.230.127.27
2019-02-09 03:37:32,root,115.230.127.27
2019-02-09 03:37:30,root,115.230.127.27
2019-02-09 03:37:26,root,115.230.127.27
2019-02-09 03:37:24,root,115.230.127.27
2019-02-09 03:37:20,root,115.230.127.27
2019-02-09 03:37:13,root,115.230.127.27
2019-02-09 03:37:11,root,115.230.127.27
2019-02-09 03:37:09,root,115.230.127.27
2019-02-09 03:37:06,root,115.230.127.27
2019-02-09 03:37:04,root,115.230.127.27
2019-02-09 03:37:01,root,115.230.127.27
2019-02-09 03:36:49,root,115.230.127.27
2019-02-09 03:36:47,root,115.230.127.27
2019-02-09 03:36:45,root,115.230.127.27
2019-02-09 03:36:42,root,115.230.127.27
2019-02-09 03:36:39,root,115.230.127.27
2019-02-09 03:36:37,root,115.230.127.27
2019-02-09 03:36:33,root,115.230.127.27
2019-02-09 03:36:31,root,115.230.127.27
2019-02-09 03:36:28,root,115.230.127.27
2019-02-09 03:36:25,root,115.230.127.27
2019-02-09 03:36:23,root,115.230.127.27
2019-02-09 03:36:20,root,115.230.127.27
2019-02-09 03:36:17,root,115.230.127.27
2019-02-09 03:36:15,root,115.230.127.27
2019-02-09 03:36:13,root,115.230.127.27
2019-02-09 03:36:10,root,115.230.127.27
2019-02-09 03:36:08,root,115.230.127.27
2019-02-09 03:36:06,root,115.230.127.27
2019-02-09 03:35:57,root,115.230.127.27
2019-02-09 03:35:55,root,115.230.127.27
2019-02-09 03:35:53,root,115.230.127.27
2019-02-09 03:35:50,root,115.230.127.27
2019-02-09 03:35:48,root,115.230.127.27
2019-02-09 03:35:46,root,115.230.127.27
2019-02-09 03:35:43,root,115.230.127.27
2019-02-09 03:35:40,root,115.230.127.27
2019-02-09 03:35:38,root,115.230.127.27
2019-02-09 03:35:34,root,115.230.127.27
2019-02-09 03:35:31,root,115.230.127.27
2019-02-09 03:35:29,root,115.230.127.27
2019-02-09 03:35:26,root,115.230.127.27
2019-02-09 03:35:24,root,115.230.127.27
2019-02-09 03:35:22,root,115.230.127.27
2019-02-09 03:35:19,root,115.230.127.27
2019-02-09 03:35:17,root,115.230.127.27
2019-02-09 03:35:15,root,115.230.127.27
2019-02-09 03:35:12,root,115.230.127.27
2019-02-09 03:35:12,root,112.85.42.87
2019-02-09 03:35:11,root,115.230.127.27
2019-02-09 03:35:09,root,112.85.42.87
2019-02-09 03:35:08,root,115.230.127.27
2019-02-09 03:35:06,root,112.85.42.87
2019-02-09 03:35:05,root,115.230.127.27
2019-02-09 03:35:04,root,115.230.127.27
2019-02-09 03:35:02,root,115.230.127.27
2019-02-09 03:34:59,root,115.230.127.27
2019-02-09 03:34:56,root,115.230.127.27
2019-02-09 03:34:54,root,115.230.127.27
2019-02-09 03:34:51,root,115.230.127.27
2019-02-09 03:34:49,root,115.230.127.27
2019-02-09 03:34:47,root,115.230.127.27
2019-02-09 03:34:37,root,115.230.127.27
2019-02-09 03:34:34,root,115.230.127.27
2019-02-09 03:34:32,root,115.230.127.27
2019-02-09 03:34:29,root,115.230.127.27
2019-02-09 03:34:27,root,115.230.127.27
2019-02-09 03:34:25,root,115.230.127.27
2019-02-09 03:34:20,root,115.230.127.27
2019-02-09 03:34:18,root,115.230.127.27
2019-02-09 03:34:16,root,115.230.127.27
2019-02-09 03:34:13,root,115.230.127.27
2019-02-09 03:34:11,root,115.230.127.27
2019-02-09 03:34:10,root,115.230.127.27
2019-02-09 03:33:55,root,115.230.127.27
2019-02-09 03:33:53,root,115.230.127.27
2019-02-09 03:33:51,root,115.230.127.27
2019-02-09 03:33:48,root,115.230.127.27
2019-02-09 03:33:47,root,115.230.127.27
2019-02-09 03:33:45,root,115.230.127.27
2019-02-09 03:33:42,root,115.230.127.27
2019-02-09 03:33:40,root,115.230.127.27
2019-02-09 03:33:39,root,115.230.127.27
2019-02-09 03:33:33,root,115.230.127.27
2019-02-09 03:33:31,root,115.230.127.27
2019-02-09 03:33:29,root,115.230.127.27
2019-02-09 03:33:26,root,115.230.127.27
2019-02-09 03:33:24,root,115.230.127.27
2019-02-09 03:33:22,root,115.230.127.27
2019-02-09 03:33:19,root,115.230.127.27
2019-02-09 03:33:17,root,115.230.127.27
2019-02-09 03:33:14,root,115.230.127.27
2019-02-09 03:33:09,root,115.230.127.27
2019-02-09 03:33:07,root,115.230.127.27
2019-02-09 03:33:05,root,115.230.127.27
2019-02-09 03:33:02,root,115.230.127.27
2019-02-09 03:33:00,root,115.230.127.27
2019-02-09 03:32:58,root,115.230.127.27
2019-02-09 03:32:53,root,115.230.127.27
2019-02-09 03:32:50,root,115.230.127.27
2019-02-09 03:32:48,root,115.230.127.27
2019-02-09 03:32:38,root,115.230.127.27
2019-02-09 03:32:36,root,115.230.127.27
2019-02-09 03:32:34,root,115.230.127.27
2019-02-09 03:32:31,root,115.230.127.27
2019-02-09 03:32:28,root,115.230.127.27
2019-02-09 03:32:26,root,115.230.127.27
2019-02-09 03:32:23,root,115.230.127.27
2019-02-09 03:32:22,root,115.230.127.27
2019-02-09 03:32:19,root,115.230.127.27
2019-02-09 03:32:18,root,112.85.42.87
2019-02-09 03:32:13,root,115.230.127.27
2019-02-09 03:32:10,root,115.230.127.27
2019-02-09 03:32:08,root,115.230.127.27
2019-02-09 03:32:07,root,112.85.42.87
2019-02-09 03:32:04,root,115.230.127.27
2019-02-09 03:32:01,root,115.230.127.27
2019-02-09 03:31:58,root,115.230.127.27
2019-02-09 03:31:55,root,115.230.127.27
2019-02-09 03:31:53,root,115.230.127.27
2019-02-09 03:31:51,root,115.230.127.27
2019-02-09 03:31:46,root,115.230.127.27
2019-02-09 03:31:43,root,115.230.127.27
2019-02-09 03:31:41,root,115.230.127.27
2019-02-09 03:31:39,root,115.230.127.27
2019-02-09 03:31:36,root,115.230.127.27
2019-02-09 03:31:34,root,115.230.127.27
2019-02-09 03:31:30,root,115.230.127.27
2019-02-09 03:31:28,root,115.230.127.27
2019-02-09 03:31:25,root,115.230.127.27
2019-02-09 03:31:23,root,115.230.127.27
2019-02-09 03:31:20,root,115.230.127.27
2019-02-09 03:31:18,root,115.230.127.27
2019-02-09 03:31:15,root,115.230.127.27
2019-02-09 03:31:13,root,115.230.127.27
2019-02-09 03:31:10,root,115.230.127.27
2019-02-09 03:31:05,root,115.230.127.27
2019-02-09 03:31:02,root,115.230.127.27
2019-02-09 03:30:59,root,115.230.127.27
2019-02-09 03:30:54,root,115.230.127.27
2019-02-09 03:30:52,root,115.230.127.27
2019-02-09 03:30:50,root,115.230.127.27
2019-02-09 03:30:46,root,115.230.127.27
2019-02-09 03:30:45,root,115.230.127.27
2019-02-09 03:30:41,root,115.230.127.27
2019-02-09 03:30:23,root,115.230.127.27
2019-02-09 03:30:20,root,115.230.127.27
2019-02-09 03:30:18,root,115.230.127.27
2019-02-09 03:30:16,root,112.85.42.87
2019-02-09 03:30:15,root,115.230.127.27
2019-02-09 03:30:13,root,115.230.127.27
2019-02-09 03:30:10,root,115.230.127.27
2019-02-09 03:30:08,root,115.230.127.27
2019-02-09 03:30:07,root,112.85.42.87
2019-02-09 03:30:05,root,115.230.127.27
2019-02-09 03:30:05,root,112.85.42.87
2019-02-09 03:30:03,root,115.230.127.27
2019-02-09 03:29:51,root,115.230.127.27
2019-02-09 03:29:48,root,115.230.127.27
2019-02-09 03:29:45,root,115.230.127.27
2019-02-09 03:29:40,root,115.230.127.27
2019-02-09 03:29:39,root,115.230.127.27
2019-02-09 03:29:36,root,115.230.127.27
2019-02-09 03:29:33,root,115.230.127.27
2019-02-09 03:29:31,root,115.230.127.27
2019-02-09 03:29:27,root,115.230.127.27
2019-02-09 03:29:24,root,115.230.127.27
2019-02-09 03:29:22,root,115.230.127.27
2019-02-09 03:29:19,root,115.230.127.27
2019-02-09 03:29:17,root,115.230.127.27
2019-02-09 03:29:14,root,115.230.127.27
2019-02-09 03:29:12,root,115.230.127.27
2019-02-09 03:29:06,root,115.230.127.27
2019-02-09 03:29:04,root,115.230.127.27
2019-02-09 03:29:02,root,115.230.127.27
2019-02-09 03:28:59,root,115.230.127.27
2019-02-09 03:28:57,root,115.230.127.27
2019-02-09 03:28:55,root,115.230.127.27
2019-02-09 03:28:49,root,115.230.127.27
2019-02-09 03:28:47,root,115.230.127.27
2019-02-09 03:28:45,root,115.230.127.27
2019-02-09 03:28:42,root,115.230.127.27
2019-02-09 03:28:40,root,115.230.127.27
2019-02-09 03:28:38,root,115.230.127.27
2019-02-09 03:28:35,root,115.230.127.27
2019-02-09 03:28:32,root,115.230.127.27
2019-02-09 03:28:30,root,115.230.127.27
2019-02-09 03:28:08,root,115.230.127.27
2019-02-09 03:28:06,root,115.230.127.27
2019-02-09 03:28:05,root,115.230.127.27
2019-02-09 03:28:01,root,115.230.127.27
2019-02-09 03:27:59,root,115.230.127.27
2019-02-09 03:27:57,root,115.230.127.27
2019-02-09 03:27:54,root,115.230.127.27
2019-02-09 03:27:52,root,115.230.127.27
2019-02-09 03:27:49,root,115.230.127.27
2019-02-09 03:27:45,root,115.230.127.27
2019-02-09 03:27:42,root,115.230.127.27
2019-02-09 03:27:41,root,115.230.127.27
2019-02-09 03:27:24,root,115.230.127.27
2019-02-09 03:27:22,root,115.230.127.27
2019-02-09 03:27:19,root,115.230.127.27
2019-02-09 03:27:17,root,115.230.127.27
2019-02-09 03:27:15,root,115.230.127.27
2019-02-09 03:27:12,root,115.230.127.27
2019-02-09 03:27:09,root,115.230.127.27
2019-02-09 03:27:07,root,115.230.127.27
2019-02-09 03:27:05,root,115.230.127.27
2019-02-09 03:27:04,root,112.85.42.87
2019-02-09 03:27:01,root,115.230.127.27
2019-02-09 03:27:01,root,112.85.42.87
2019-02-09 03:26:59,root,115.230.127.27
2019-02-09 03:26:59,root,112.85.42.87
2019-02-09 03:26:57,root,115.230.127.27
2019-02-09 03:26:55,root,115.230.127.27
2019-02-09 03:26:53,root,115.230.127.27
2019-02-09 03:26:50,root,115.230.127.27
2019-02-09 03:26:47,root,115.230.127.27
2019-02-09 03:26:45,root,115.230.127.27
2019-02-09 03:26:43,root,115.230.127.27
2019-02-09 03:26:41,root,115.230.127.27
2019-02-09 03:26:38,root,115.230.127.27
2019-02-09 03:26:35,root,115.230.127.27
2019-02-09 03:26:19,root,115.230.127.27
2019-02-09 03:26:17,root,115.230.127.27
2019-02-09 03:26:15,root,115.230.127.27
2019-02-09 03:26:11,root,115.230.127.27
2019-02-09 03:26:10,root,115.230.127.27
2019-02-09 03:26:07,root,115.230.127.27
2019-02-09 03:26:00,root,115.230.127.27
2019-02-09 03:25:58,root,115.230.127.27
2019-02-09 03:25:56,root,115.230.127.27
2019-02-09 03:25:50,root,115.230.127.27
2019-02-09 03:25:48,root,115.230.127.27
2019-02-09 03:25:46,root,115.230.127.27
2019-02-09 03:25:43,root,115.230.127.27
2019-02-09 03:25:40,root,115.230.127.27
2019-02-09 03:25:39,root,115.230.127.27
2019-02-09 03:25:36,root,115.230.127.27
2019-02-09 03:25:34,root,115.230.127.27
2019-02-09 03:25:32,root,115.230.127.27
2019-02-09 03:25:29,root,115.230.127.27
2019-02-09 03:25:27,root,115.230.127.27
2019-02-09 03:25:24,root,115.230.127.27
2019-02-09 03:25:22,root,115.230.127.27
2019-02-09 03:25:20,root,115.230.127.27
2019-02-09 03:25:17,root,115.230.127.27
2019-02-09 03:25:07,root,115.230.127.27
2019-02-09 03:25:05,root,112.85.42.87
2019-02-09 03:25:03,root,112.85.42.87
2019-02-09 03:25:00,root,112.85.42.87
2019-02-09 03:24:52,root,115.230.127.27
2019-02-09 03:24:49,root,115.230.127.27
2019-02-09 03:24:47,root,115.230.127.27
2019-02-09 03:24:45,root,115.230.127.27
2019-02-09 03:24:42,root,115.230.127.27
2019-02-09 03:24:40,root,115.230.127.27
2019-02-09 03:24:37,root,115.230.127.27
2019-02-09 03:24:34,root,115.230.127.27
2019-02-09 03:24:32,root,115.230.127.27
2019-02-09 03:24:28,root,115.230.127.27
2019-02-09 03:24:26,root,115.230.127.27
2019-02-09 03:24:23,root,115.230.127.27
2019-02-09 03:24:19,root,115.230.127.27
2019-02-09 03:24:17,root,115.230.127.27
2019-02-09 03:24:15,root,115.230.127.27
2019-02-09 03:24:12,root,115.230.127.27
2019-02-09 03:24:10,root,115.230.127.27
2019-02-09 03:24:07,root,115.230.127.27
2019-02-09 03:24:05,root,115.230.127.27
2019-02-09 03:24:03,root,115.230.127.27
2019-02-09 03:24:02,root,112.85.42.87
2019-02-09 03:24:01,root,115.230.127.27
2019-02-09 03:24:00,root,112.85.42.87
2019-02-09 03:23:58,root,115.230.127.27
2019-02-09 03:23:57,root,112.85.42.87
2019-02-09 03:23:56,root,115.230.127.27
2019-02-09 03:23:54,root,115.230.127.27
2019-02-09 03:23:51,root,115.230.127.27
2019-02-09 03:23:48,root,115.230.127.27
2019-02-09 03:23:46,root,115.230.127.27
2019-02-09 03:23:42,root,115.230.127.27
2019-02-09 03:23:39,root,115.230.127.27
2019-02-09 03:23:37,root,115.230.127.27
2019-02-09 03:23:35,root,115.230.127.27
2019-02-09 03:23:32,root,115.230.127.27
2019-02-09 03:23:30,root,115.230.127.27
2019-02-09 03:23:27,root,115.230.127.27
2019-02-09 03:23:25,root,115.230.127.27
2019-02-09 03:23:23,root,115.230.127.27
2019-02-09 03:23:16,root,115.230.127.27
2019-02-09 03:23:14,root,115.230.127.27
2019-02-09 03:23:12,root,115.230.127.27
2019-02-09 03:23:07,root,115.230.127.27
2019-02-09 03:23:05,root,115.230.127.27
2019-02-09 03:23:03,root,115.230.127.27
2019-02-09 03:23:00,root,112.85.42.87
2019-02-09 03:22:58,root,112.85.42.87
2019-02-09 03:22:55,root,112.85.42.87
2019-02-09 03:22:53,root,115.230.127.27
2019-02-09 03:22:51,root,115.230.127.27
2019-02-09 03:22:50,root,115.230.127.27
2019-02-09 03:22:46,root,115.230.127.27
2019-02-09 03:22:43,root,115.230.127.27
2019-02-09 03:22:41,root,115.230.127.27
2019-02-09 03:22:35,root,115.230.127.27
2019-02-09 03:22:33,root,115.230.127.27
2019-02-09 03:22:31,root,115.230.127.27
2019-02-09 03:22:17,root,200.194.15.253
2019-02-09 03:22:15,root,200.194.15.253
2019-02-09 03:22:14,root,200.194.15.253
2019-02-09 03:22:11,root,115.230.127.27
2019-02-09 03:22:09,root,115.230.127.27
2019-02-09 03:22:07,root,115.230.127.27
2019-02-09 03:22:06,root,112.85.42.87
2019-02-09 03:22:04,root,115.230.127.27
2019-02-09 03:22:03,root,112.85.42.87
2019-02-09 03:22:03,root,115.230.127.27
2019-02-09 03:22:02,root,112.85.42.87
2019-02-09 03:22:01,root,115.230.127.27
2019-02-09 03:21:59,root,115.230.127.27
2019-02-09 03:21:56,root,115.230.127.27
2019-02-09 03:21:54,root,115.230.127.27
2019-02-09 03:21:51,root,115.230.127.27
2019-02-09 03:21:49,root,115.230.127.27
2019-02-09 03:21:47,root,115.230.127.27
2019-02-09 03:21:44,root,115.230.127.27
2019-02-09 03:21:42,root,115.230.127.27
2019-02-09 03:21:40,root,115.230.127.27
2019-02-09 03:21:37,root,115.230.127.27
2019-02-09 03:21:35,root,115.230.127.27
2019-02-09 03:21:33,root,115.230.127.27
2019-02-09 03:21:30,root,115.230.127.27
2019-02-09 03:21:28,root,115.230.127.27
2019-02-09 03:21:27,root,115.230.127.27
2019-02-09 03:21:08,root,112.85.42.87
2019-02-09 03:21:06,root,112.85.42.87
2019-02-09 03:21:04,root,112.85.42.87
2019-02-09 03:20:51,root,115.230.127.27
2019-02-09 03:20:48,root,115.230.127.27
2019-02-09 03:20:46,root,115.230.127.27
2019-02-09 03:20:41,root,115.230.127.27
2019-02-09 03:20:39,root,115.230.127.27
2019-02-09 03:20:36,root,115.230.127.27
2019-02-09 03:20:29,root,115.230.127.27
2019-02-09 03:20:27,root,115.230.127.27
2019-02-09 03:20:24,root,115.230.127.27
2019-02-09 03:20:21,root,115.230.127.27
2019-02-09 03:20:18,root,115.230.127.27
2019-02-09 03:20:16,root,115.230.127.27
2019-02-09 03:20:10,root,115.230.127.27
2019-02-09 03:20:09,root,112.85.42.87
2019-02-09 03:20:08,root,115.230.127.27
2019-02-09 03:20:07,root,112.85.42.87
2019-02-09 03:20:06,root,115.230.127.27
2019-02-09 03:20:05,root,112.85.42.87
2019-02-09 03:20:02,root,115.230.127.27
2019-02-09 03:20:00,root,115.230.127.27
2019-02-09 03:19:57,root,115.230.127.27
2019-02-09 03:19:55,root,115.230.127.27
2019-02-09 03:19:53,root,115.230.127.27
2019-02-09 03:19:50,root,115.230.127.27
2019-02-09 03:19:45,root,115.230.127.27
2019-02-09 03:19:43,root,115.230.127.27
2019-02-09 03:19:41,root,115.230.127.27
2019-02-09 03:19:30,root,115.230.127.27
2019-02-09 03:19:28,root,115.230.127.27
2019-02-09 03:19:26,root,115.230.127.27
2019-02-09 03:19:18,root,115.230.127.27
2019-02-09 03:19:16,root,115.230.127.27
2019-02-09 03:19:13,root,115.230.127.27
2019-02-09 03:19:10,root,115.230.127.27
2019-02-09 03:19:09,root,112.85.42.87
2019-02-09 03:19:07,root,115.230.127.27
2019-02-09 03:19:07,root,112.85.42.87
2019-02-09 03:19:05,root,115.230.127.27
2019-02-09 03:19:04,root,112.85.42.87
2019-02-09 03:19:02,root,115.230.127.27
2019-02-09 03:19:00,root,115.230.127.27
2019-02-09 03:18:58,root,115.230.127.27
2019-02-09 03:18:55,root,115.230.127.27
2019-02-09 03:18:53,root,115.230.127.27
2019-02-09 03:18:51,root,115.230.127.27
2019-02-09 03:18:41,root,115.230.127.27
2019-02-09 03:18:39,root,115.230.127.27
2019-02-09 03:18:36,root,115.230.127.27
2019-02-09 03:18:34,root,115.230.127.27
2019-02-09 03:18:31,root,115.230.127.27
2019-02-09 03:18:29,root,115.230.127.27
2019-02-09 03:18:24,root,115.230.127.27
2019-02-09 03:18:22,root,115.230.127.27
2019-02-09 03:18:19,root,115.230.127.27
2019-02-09 03:18:16,root,115.230.127.27
2019-02-09 03:18:14,root,115.230.127.27
2019-02-09 03:18:12,root,115.230.127.27
2019-02-09 03:18:10,root,112.85.42.87
2019-02-09 03:18:08,root,115.230.127.27
2019-02-09 03:18:08,root,112.85.42.87
2019-02-09 03:18:06,root,115.230.127.27
2019-02-09 03:18:05,root,112.85.42.87
2019-02-09 03:18:04,root,115.230.127.27
2019-02-09 03:18:01,root,115.230.127.27
2019-02-09 03:17:59,root,115.230.127.27
2019-02-09 03:17:57,root,115.230.127.27
2019-02-09 03:17:54,root,115.230.127.27
2019-02-09 03:17:51,root,115.230.127.27
2019-02-09 03:17:49,root,115.230.127.27
2019-02-09 03:17:46,root,115.230.127.27
2019-02-09 03:17:43,root,115.230.127.27
2019-02-09 03:17:41,root,115.230.127.27
2019-02-09 03:17:37,root,115.230.127.27
2019-02-09 03:17:34,root,115.230.127.27
2019-02-09 03:17:32,root,115.230.127.27
2019-02-09 03:17:26,root,115.230.127.27
2019-02-09 03:17:24,root,115.230.127.27
2019-02-09 03:17:22,root,115.230.127.27
2019-02-09 03:17:16,root,115.230.127.27
2019-02-09 03:17:15,root,115.230.127.27
2019-02-09 03:17:12,root,115.230.127.27
2019-02-09 03:17:09,root,115.230.127.27
2019-02-09 03:17:09,root,112.85.42.87
2019-02-09 03:17:08,root,115.230.127.27
2019-02-09 03:17:07,root,112.85.42.87
2019-02-09 03:17:06,root,115.230.127.27
2019-02-09 03:17:04,root,112.85.42.87
2019-02-09 03:17:02,root,115.230.127.27
2019-02-09 03:17:00,root,115.230.127.27
2019-02-09 03:16:58,root,115.230.127.27
2019-02-09 03:16:55,root,115.230.127.27
2019-02-09 03:16:53,root,115.230.127.27
2019-02-09 03:16:51,root,115.230.127.27
2019-02-09 03:16:48,root,115.230.127.27
2019-02-09 03:16:45,root,115.230.127.27
2019-02-09 03:16:44,root,115.230.127.27
2019-02-09 03:16:41,root,115.230.127.27
2019-02-09 03:16:39,root,115.230.127.27
2019-02-09 03:16:37,root,115.230.127.27
2019-02-09 03:16:32,root,115.230.127.27
2019-02-09 03:16:29,root,115.230.127.27
2019-02-09 03:16:27,root,115.230.127.27
2019-02-09 03:16:25,root,115.230.127.27
2019-02-09 03:16:22,root,115.230.127.27
2019-02-09 03:16:21,root,115.230.127.27
2019-02-09 03:16:18,root,115.230.127.27
2019-02-09 03:16:15,root,115.230.127.27
2019-02-09 03:16:12,root,115.230.127.27
2019-02-09 03:16:09,root,115.230.127.27
2019-02-09 03:16:09,root,112.85.42.87
2019-02-09 03:16:07,root,115.230.127.27
2019-02-09 03:16:06,root,112.85.42.87
2019-02-09 03:16:05,root,115.230.127.27
2019-02-09 03:16:04,root,112.85.42.87
2019-02-09 03:16:02,root,115.230.127.27
2019-02-09 03:16:00,root,115.230.127.27
2019-02-09 03:15:58,root,115.230.127.27
2019-02-09 03:15:55,root,115.230.127.27
2019-02-09 03:15:53,root,115.230.127.27
2019-02-09 03:15:51,root,115.230.127.27
2019-02-09 03:15:49,root,115.230.127.27
2019-02-09 03:15:47,root,115.230.127.27
2019-02-09 03:15:45,root,115.230.127.27
2019-02-09 03:15:41,root,115.230.127.27
2019-02-09 03:15:39,root,115.230.127.27
2019-02-09 03:15:37,root,115.230.127.27
2019-02-09 03:15:32,root,115.230.127.27
2019-02-09 03:15:30,root,115.230.127.27
2019-02-09 03:15:28,root,115.230.127.27
2019-02-09 03:15:25,root,115.230.127.27
2019-02-09 03:15:23,root,115.230.127.27
2019-02-09 03:15:21,root,115.230.127.27
2019-02-09 03:15:18,root,115.230.127.27
2019-02-09 03:15:15,root,115.230.127.27
2019-02-09 03:15:13,root,115.230.127.27
2019-02-09 03:15:07,root,115.230.127.27
2019-02-09 03:15:05,root,112.85.42.87
2019-02-09 03:15:05,root,115.230.127.27
2019-02-09 03:15:04,root,112.85.42.87
2019-02-09 03:15:03,root,115.230.127.27
2019-02-09 03:15:02,root,112.85.42.87
2019-02-09 03:15:00,root,115.230.127.27
2019-02-09 03:14:58,root,115.230.127.27
2019-02-09 03:14:55,root,115.230.127.27
2019-02-09 03:14:52,root,115.230.127.27
2019-02-09 03:14:50,root,115.230.127.27
2019-02-09 03:14:48,root,115.230.127.27
2019-02-09 03:14:31,root,115.230.127.27
2019-02-09 03:14:29,root,115.230.127.27
2019-02-09 03:14:27,root,115.230.127.27
2019-02-09 03:14:24,root,115.230.127.27
2019-02-09 03:14:21,root,115.230.127.27
2019-02-09 03:14:19,root,115.230.127.27
2019-02-09 03:14:15,root,115.230.127.27
2019-02-09 03:14:12,root,115.230.127.27
2019-02-09 03:14:10,root,115.230.127.27
2019-02-09 03:14:07,root,112.85.42.87
2019-02-09 03:14:07,root,115.230.127.27
2019-02-09 03:14:05,root,112.85.42.87
2019-02-09 03:14:05,root,115.230.127.27
2019-02-09 03:14:03,root,115.230.127.27
2019-02-09 03:14:03,root,112.85.42.87
2019-02-09 03:14:00,root,115.230.127.27
2019-02-09 03:13:58,root,115.230.127.27
2019-02-09 03:13:55,root,115.230.127.27
2019-02-09 03:13:51,root,115.230.127.27
2019-02-09 03:13:50,root,115.230.127.27
2019-02-09 03:13:48,root,115.230.127.27
2019-02-09 03:13:44,root,115.230.127.27
2019-02-09 03:13:42,root,115.230.127.27
2019-02-09 03:13:40,root,115.230.127.27
2019-02-09 03:13:33,root,115.230.127.27
2019-02-09 03:13:31,root,115.230.127.27
2019-02-09 03:13:29,root,115.230.127.27
2019-02-09 03:13:27,root,115.230.127.27
2019-02-09 03:13:24,root,115.230.127.27
2019-02-09 03:13:21,root,115.230.127.27
2019-02-09 03:13:18,root,115.230.127.27
2019-02-09 03:13:16,root,115.230.127.27
2019-02-09 03:13:12,root,112.85.42.87
2019-02-09 03:13:12,root,115.230.127.27
2019-02-09 03:13:10,root,112.85.42.87
2019-02-09 03:13:08,root,112.85.42.87
2019-02-09 03:13:06,root,115.230.127.27
2019-02-09 03:13:05,root,115.230.127.27
2019-02-09 03:13:03,root,115.230.127.27
2019-02-09 03:13:00,root,115.230.127.27
2019-02-09 03:12:57,root,115.230.127.27
2019-02-09 03:12:55,root,115.230.127.27
2019-02-09 03:12:53,root,115.230.127.27
2019-02-09 03:12:50,root,115.230.127.27
2019-02-09 03:12:48,root,115.230.127.27
2019-02-09 03:12:45,root,115.230.127.27
2019-02-09 03:12:42,root,115.230.127.27
2019-02-09 03:12:40,root,115.230.127.27
2019-02-09 03:12:37,root,115.230.127.27
2019-02-09 03:12:35,root,115.230.127.27
2019-02-09 03:12:33,root,115.230.127.27
2019-02-09 03:12:28,root,115.230.127.27
2019-02-09 03:12:26,root,115.230.127.27
2019-02-09 03:12:24,root,115.230.127.27
2019-02-09 03:12:20,root,115.230.127.27
2019-02-09 03:12:18,root,115.230.127.27
2019-02-09 03:12:16,root,115.230.127.27
2019-02-09 03:12:15,root,112.85.42.87
2019-02-09 03:12:12,root,112.85.42.87
2019-02-09 03:12:12,root,115.230.127.27
2019-02-09 03:12:10,root,115.230.127.27
2019-02-09 03:12:09,root,112.85.42.87
2019-02-09 03:12:07,root,115.230.127.27
2019-02-09 03:12:04,root,115.230.127.27
2019-02-09 03:12:01,root,115.230.127.27
2019-02-09 03:11:59,root,115.230.127.27
2019-02-09 03:11:56,root,115.230.127.27
2019-02-09 03:11:54,root,115.230.127.27
2019-02-09 03:11:52,root,115.230.127.27
2019-02-09 03:11:49,root,115.230.127.27
2019-02-09 03:11:47,root,115.230.127.27
2019-02-09 03:11:45,root,115.230.127.27
2019-02-09 03:11:41,root,115.230.127.27
2019-02-09 03:11:38,root,115.230.127.27
2019-02-09 03:11:36,root,115.230.127.27
2019-02-09 03:11:29,root,115.230.127.27
2019-02-09 03:11:26,root,115.230.127.27
2019-02-09 03:11:24,root,115.230.127.27
2019-02-09 03:11:19,root,115.230.127.27
2019-02-09 03:11:16,root,115.230.127.27
2019-02-09 03:11:14,root,115.230.127.27
2019-02-09 03:11:12,root,112.85.42.87
2019-02-09 03:11:11,root,115.230.127.27
2019-02-09 03:11:10,root,112.85.42.87
2019-02-09 03:11:09,root,115.230.127.27
2019-02-09 03:11:08,root,112.85.42.87
2019-02-09 03:11:07,root,115.230.127.27
2019-02-09 03:11:03,root,115.230.127.27
2019-02-09 03:11:00,root,115.230.127.27
2019-02-09 03:10:58,root,115.230.127.27
2019-02-09 03:10:38,root,115.230.127.27
2019-02-09 03:10:35,root,115.230.127.27
2019-02-09 03:10:33,root,115.230.127.27
2019-02-09 03:10:24,root,115.230.127.27
2019-02-09 03:10:21,root,115.230.127.27
2019-02-09 03:10:20,root,115.230.127.27
2019-02-09 03:10:17,root,115.230.127.27
2019-02-09 03:10:15,root,115.230.127.27
2019-02-09 03:10:13,root,115.230.127.27
2019-02-09 03:10:10,root,115.230.127.27
2019-02-09 03:10:08,root,115.230.127.27
2019-02-09 03:10:08,root,112.85.42.87
2019-02-09 03:10:06,root,115.230.127.27
2019-02-09 03:10:06,root,112.85.42.87
2019-02-09 03:10:04,root,112.85.42.87
2019-02-09 03:10:03,root,115.230.127.27
2019-02-09 03:10:01,root,115.230.127.27
2019-02-09 03:09:59,root,115.230.127.27
2019-02-09 03:09:55,root,115.230.127.27
2019-02-09 03:09:53,root,115.230.127.27
2019-02-09 03:09:51,root,115.230.127.27
2019-02-09 03:09:49,root,115.230.127.27
2019-02-09 03:09:46,root,115.230.127.27
2019-02-09 03:09:45,root,115.230.127.27
2019-02-09 03:09:41,root,115.230.127.27
2019-02-09 03:09:40,root,115.230.127.27
2019-02-09 03:09:38,root,115.230.127.27
2019-02-09 03:09:34,root,115.230.127.27
2019-02-09 03:09:32,root,115.230.127.27
2019-02-09 03:09:30,root,115.230.127.27
2019-02-09 03:09:26,root,115.230.127.27
2019-02-09 03:09:24,root,115.230.127.27
2019-02-09 03:09:22,root,115.230.127.27
2019-02-09 03:09:19,root,115.230.127.27
2019-02-09 03:09:17,root,115.230.127.27
2019-02-09 03:09:15,root,115.230.127.27
2019-02-09 03:09:12,root,115.230.127.27
2019-02-09 03:09:10,root,115.230.127.27
2019-02-09 03:09:10,root,112.85.42.87
2019-02-09 03:09:08,root,115.230.127.27
2019-02-09 03:09:08,root,112.85.42.87
2019-02-09 03:09:07,root,112.85.42.87
2019-02-09 03:09:06,root,115.230.127.27
2019-02-09 03:09:04,root,115.230.127.27
2019-02-09 03:09:02,root,115.230.127.27
2019-02-09 03:08:59,root,115.230.127.27
2019-02-09 03:08:57,root,115.230.127.27
2019-02-09 03:08:56,root,115.230.127.27
2019-02-09 03:08:52,root,115.230.127.27
2019-02-09 03:08:51,root,115.230.127.27
2019-02-09 03:08:48,root,115.230.127.27
2019-02-09 03:08:45,root,115.230.127.27
2019-02-09 03:08:44,root,115.230.127.27
2019-02-09 03:08:41,root,115.230.127.27
2019-02-09 03:08:38,root,115.230.127.27
2019-02-09 03:08:36,root,115.230.127.27
2019-02-09 03:08:34,root,115.230.127.27
2019-02-09 03:08:29,root,115.230.127.27
2019-02-09 03:08:27,root,115.230.127.27
2019-02-09 03:08:26,root,115.230.127.27
2019-02-09 03:08:23,root,115.230.127.27
2019-02-09 03:08:21,root,115.230.127.27
2019-02-09 03:08:20,root,115.230.127.27
2019-02-09 03:08:18,root,112.85.42.87
2019-02-09 03:08:17,root,115.230.127.27
2019-02-09 03:08:15,root,112.85.42.87
2019-02-09 03:08:14,root,115.230.127.27
2019-02-09 03:08:14,root,112.85.42.87
2019-02-09 03:08:13,root,115.230.127.27
2019-02-09 03:08:08,root,115.230.127.27
2019-02-09 03:08:05,root,115.230.127.27
2019-02-09 03:07:58,root,115.230.127.27
2019-02-09 03:07:54,root,115.230.127.27
2019-02-09 03:07:51,root,115.230.127.27
2019-02-09 03:07:50,root,115.230.127.27
2019-02-09 03:07:44,root,115.230.127.27
2019-02-09 03:07:41,root,115.230.127.27
2019-02-09 03:07:39,root,115.230.127.27
2019-02-09 03:07:37,root,115.230.127.27
2019-02-09 03:07:34,root,115.230.127.27
2019-02-09 03:07:32,root,115.230.127.27
2019-02-09 03:07:27,root,115.230.127.27
2019-02-09 03:07:26,root,115.230.127.27
2019-02-09 03:07:24,root,115.230.127.27
2019-02-09 03:07:21,root,115.230.127.27
2019-02-09 03:07:18,root,115.230.127.27
2019-02-09 03:07:18,root,112.85.42.87
2019-02-09 03:07:16,root,115.230.127.27
2019-02-09 03:07:16,root,112.85.42.87
2019-02-09 03:07:14,root,112.85.42.87
2019-02-09 03:07:13,root,115.230.127.27
2019-02-09 03:07:11,root,115.230.127.27
2019-02-09 03:07:08,root,115.230.127.27
2019-02-09 03:06:50,root,115.230.127.27
2019-02-09 03:06:49,root,115.230.127.27
2019-02-09 03:06:46,root,115.230.127.27
2019-02-09 03:06:42,root,115.230.127.27
2019-02-09 03:06:40,root,115.230.127.27
2019-02-09 03:06:38,root,115.230.127.27
2019-02-09 03:06:35,root,115.230.127.27
2019-02-09 03:06:33,root,115.230.127.27
2019-02-09 03:06:30,root,115.230.127.27
2019-02-09 03:06:28,root,115.230.127.27
2019-02-09 03:06:25,root,115.230.127.27
2019-02-09 03:06:23,root,115.230.127.27
2019-02-09 03:06:21,root,112.85.42.87
2019-02-09 03:06:20,root,115.230.127.27
2019-02-09 03:06:18,root,112.85.42.87
2019-02-09 03:06:18,root,115.230.127.27
2019-02-09 03:06:16,root,112.85.42.87
2019-02-09 03:06:15,root,115.230.127.27
2019-02-09 03:06:13,root,115.230.127.27
2019-02-09 03:06:10,root,115.230.127.27
2019-02-09 03:06:08,root,115.230.127.27
2019-02-09 03:06:05,root,115.230.127.27
2019-02-09 03:06:03,root,115.230.127.27
2019-02-09 03:06:01,root,115.230.127.27
2019-02-09 03:05:58,root,115.230.127.27
2019-02-09 03:05:56,root,115.230.127.27
2019-02-09 03:05:53,root,115.230.127.27
2019-02-09 03:05:49,root,115.230.127.27
2019-02-09 03:05:47,root,115.230.127.27
2019-02-09 03:05:44,root,115.230.127.27
2019-02-09 03:05:41,root,115.230.127.27
2019-02-09 03:05:39,root,115.230.127.27
2019-02-09 03:05:37,root,115.230.127.27
2019-02-09 03:05:33,root,115.230.127.27
2019-02-09 03:05:28,root,115.230.127.27
2019-02-09 03:05:26,root,115.230.127.27
2019-02-09 03:05:21,root,115.230.127.27
2019-02-09 03:05:20,root,112.85.42.87
2019-02-09 03:05:19,root,115.230.127.27
2019-02-09 03:05:17,root,112.85.42.87
2019-02-09 03:05:17,root,115.230.127.27
2019-02-09 03:05:15,root,112.85.42.87
2019-02-09 03:05:14,root,115.230.127.27
2019-02-09 03:05:11,root,115.230.127.27
2019-02-09 03:05:09,root,115.230.127.27
2019-02-09 03:05:02,root,115.230.127.27
2019-02-09 03:05:00,root,115.230.127.27
2019-02-09 03:04:57,root,115.230.127.27
2019-02-09 03:04:54,root,115.230.127.27
2019-02-09 03:04:51,root,115.230.127.27
2019-02-09 03:04:49,root,115.230.127.27
2019-02-09 03:04:45,root,115.230.127.27
2019-02-09 03:04:43,root,115.230.127.27
2019-02-09 03:04:41,root,115.230.127.27
2019-02-09 03:04:36,root,115.230.127.27
2019-02-09 03:04:34,root,115.230.127.27
2019-02-09 03:04:32,root,115.230.127.27
2019-02-09 03:04:28,root,115.230.127.27
2019-02-09 03:04:25,root,115.230.127.27
2019-02-09 03:04:23,root,115.230.127.27
2019-02-09 03:04:20,root,115.230.127.27
2019-02-09 03:04:18,root,115.230.127.27
2019-02-09 03:04:15,root,115.230.127.27
2019-02-09 03:04:13,root,112.85.42.87
2019-02-09 03:04:11,root,112.85.42.87
2019-02-09 03:04:09,root,115.230.127.27
2019-02-09 03:04:09,root,112.85.42.87
2019-02-09 03:04:07,root,115.230.127.27
2019-02-09 03:04:03,root,115.230.127.27
2019-02-09 03:03:58,root,115.230.127.27
2019-02-09 03:03:56,root,115.230.127.27
2019-02-09 03:03:54,root,115.230.127.27
2019-02-09 03:03:51,root,115.230.127.27
2019-02-09 03:03:49,root,115.230.127.27
2019-02-09 03:03:47,root,115.230.127.27
2019-02-09 03:03:44,root,115.230.127.27
2019-02-09 03:03:41,root,115.230.127.27
2019-02-09 03:03:39,root,115.230.127.27
2019-02-09 03:03:37,root,115.230.127.27
2019-02-09 03:03:35,root,115.230.127.27
2019-02-09 03:03:33,root,115.230.127.27
2019-02-09 03:03:30,root,115.230.127.27
2019-02-09 03:03:28,root,115.230.127.27
2019-02-09 03:03:26,root,115.230.127.27
2019-02-09 03:03:22,root,115.230.127.27
2019-02-09 03:03:20,root,115.230.127.27
2019-02-09 03:03:18,root,115.230.127.27
2019-02-09 03:03:13,root,112.85.42.87
2019-02-09 03:03:13,root,115.230.127.27
2019-02-09 03:03:11,root,112.85.42.87
2019-02-09 03:03:10,root,115.230.127.27
2019-02-09 03:03:09,root,112.85.42.87
2019-02-09 03:03:08,root,115.230.127.27
2019-02-09 03:03:05,root,115.230.127.27
2019-02-09 03:03:03,root,115.230.127.27
2019-02-09 03:03:00,root,115.230.127.27
2019-02-09 03:02:57,root,115.230.127.27
2019-02-09 03:02:54,root,115.230.127.27
2019-02-09 03:02:52,root,115.230.127.27
2019-02-09 03:02:50,root,115.230.127.27
2019-02-09 03:02:47,root,115.230.127.27
2019-02-09 03:02:45,root,115.230.127.27
2019-02-09 03:02:42,root,115.230.127.27
2019-02-09 03:02:39,root,115.230.127.27
2019-02-09 03:02:38,root,115.230.127.27
2019-02-09 03:02:31,root,115.230.127.27
2019-02-09 03:02:29,root,115.230.127.27
2019-02-09 03:02:27,root,115.230.127.27
2019-02-09 03:02:20,root,115.230.127.27
2019-02-09 03:02:19,root,115.230.127.27
2019-02-09 03:02:18,root,112.85.42.87
2019-02-09 03:02:17,root,115.230.127.27
2019-02-09 03:02:15,root,112.85.42.87
2019-02-09 03:02:14,root,115.230.127.27
2019-02-09 03:02:13,root,112.85.42.87
2019-02-09 03:02:12,root,115.230.127.27
2019-02-09 03:02:10,root,115.230.127.27
2019-02-09 03:02:07,root,115.230.127.27
2019-02-09 03:02:05,root,115.230.127.27
2019-02-09 03:02:03,root,115.230.127.27
2019-02-09 03:01:57,root,115.230.127.27
2019-02-09 03:01:55,root,115.230.127.27
2019-02-09 03:01:53,root,115.230.127.27
2019-02-09 03:01:49,root,115.230.127.27
2019-02-09 03:01:48,root,115.230.127.27
2019-02-09 03:01:46,root,115.230.127.27
2019-02-09 03:01:42,root,115.230.127.27
2019-02-09 03:01:39,root,115.230.127.27
2019-02-09 03:01:37,root,115.230.127.27
2019-02-09 03:01:34,root,115.230.127.27
2019-02-09 03:01:32,root,115.230.127.27
2019-02-09 03:01:30,root,115.230.127.27
2019-02-09 03:01:26,root,115.230.127.27
2019-02-09 03:01:24,root,115.230.127.27
2019-02-09 03:01:23,root,112.85.42.87
2019-02-09 03:01:22,root,115.230.127.27
2019-02-09 03:01:20,root,112.85.42.87
2019-02-09 03:01:18,root,112.85.42.87
2019-02-09 03:01:18,root,115.230.127.27
2019-02-09 03:01:15,root,115.230.127.27
2019-02-09 03:01:13,root,115.230.127.27
2019-02-09 03:01:09,root,115.230.127.27
2019-02-09 03:01:07,root,115.230.127.27
2019-02-09 03:01:04,root,115.230.127.27
2019-02-09 03:00:59,root,115.230.127.27
2019-02-09 03:00:57,root,115.230.127.27
2019-02-09 03:00:55,root,115.230.127.27
2019-02-09 03:00:45,root,115.230.127.27
2019-02-09 03:00:43,root,115.230.127.27
2019-02-09 03:00:40,root,115.230.127.27
2019-02-09 03:00:37,root,115.230.127.27
2019-02-09 03:00:36,root,115.230.127.27
2019-02-09 03:00:33,root,115.230.127.27
2019-02-09 03:00:27,root,115.230.127.27
2019-02-09 03:00:25,root,115.230.127.27
2019-02-09 03:00:23,root,115.230.127.27
2019-02-09 03:00:22,root,112.85.42.87
2019-02-09 03:00:19,root,115.230.127.27
2019-02-09 03:00:19,root,112.85.42.87
2019-02-09 03:00:17,root,115.230.127.27
2019-02-09 03:00:17,root,112.85.42.87
2019-02-09 03:00:15,root,115.230.127.27
2019-02-09 03:00:12,root,115.230.127.27
2019-02-09 03:00:10,root,115.230.127.27
2019-02-09 03:00:07,root,115.230.127.27
2019-02-09 03:00:04,root,115.230.127.27
2019-02-09 03:00:02,root,115.230.127.27
2019-02-09 03:00:00,root,115.230.127.27
2019-02-09 02:59:56,root,115.230.127.27
2019-02-09 02:59:54,root,115.230.127.27
2019-02-09 02:59:52,root,115.230.127.27
2019-02-09 02:59:49,root,115.230.127.27
2019-02-09 02:59:47,root,115.230.127.27
2019-02-09 02:59:44,root,115.230.127.27
2019-02-09 02:59:42,root,115.230.127.27
2019-02-09 02:59:39,root,115.230.127.27
2019-02-09 02:59:37,root,115.230.127.27
2019-02-09 02:59:35,root,115.230.127.27
2019-02-09 02:59:32,root,115.230.127.27
2019-02-09 02:59:30,root,115.230.127.27
2019-02-09 02:59:26,root,115.230.127.27
2019-02-09 02:59:24,root,115.230.127.27
2019-02-09 02:59:23,root,112.85.42.87
2019-02-09 02:59:21,root,115.230.127.27
2019-02-09 02:59:20,root,112.85.42.87
2019-02-09 02:59:17,root,112.85.42.87
2019-02-09 02:59:06,root,115.230.127.27
2019-02-09 02:59:03,root,115.230.127.27
2019-02-09 02:59:00,root,115.230.127.27
2019-02-09 02:58:56,root,115.230.127.27
2019-02-09 02:58:54,root,115.230.127.27
2019-02-09 02:58:51,root,115.230.127.27
2019-02-09 02:58:48,root,115.230.127.27
2019-02-09 02:58:45,root,115.230.127.27
2019-02-09 02:58:42,root,115.230.127.27
2019-02-09 02:58:33,root,115.230.127.27
2019-02-09 02:58:31,root,115.230.127.27
2019-02-09 02:58:29,root,115.230.127.27
2019-02-09 02:58:26,root,115.230.127.27
2019-02-09 02:58:24,root,115.230.127.27
2019-02-09 02:58:22,root,112.85.42.87
2019-02-09 02:58:21,root,115.230.127.27
2019-02-09 02:58:19,root,112.85.42.87
2019-02-09 02:58:17,root,112.85.42.87
2019-02-09 02:58:14,root,115.230.127.27
2019-02-09 02:58:12,root,115.230.127.27
2019-02-09 02:58:10,root,115.230.127.27
2019-02-09 02:58:06,root,115.230.127.27
2019-02-09 02:58:03,root,115.230.127.27
2019-02-09 02:58:01,root,115.230.127.27
2019-02-09 02:57:58,root,115.230.127.27
2019-02-09 02:57:56,root,115.230.127.27
2019-02-09 02:57:54,root,115.230.127.27
2019-02-09 02:57:50,root,115.230.127.27
2019-02-09 02:57:48,root,115.230.127.27
2019-02-09 02:57:46,root,115.230.127.27
2019-02-09 02:57:43,root,115.230.127.27
2019-02-09 02:57:41,root,115.230.127.27
2019-02-09 02:57:39,root,115.230.127.27
2019-02-09 02:57:36,root,115.230.127.27
2019-02-09 02:57:34,root,115.230.127.27
2019-02-09 02:57:32,root,115.230.127.27
2019-02-09 02:57:29,root,115.230.127.27
2019-02-09 02:57:27,root,115.230.127.27
2019-02-09 02:57:25,root,115.230.127.27
2019-02-09 02:57:21,root,115.230.127.27
2019-02-09 02:57:21,root,112.85.42.87
2019-02-09 02:57:19,root,115.230.127.27
2019-02-09 02:57:19,root,112.85.42.87
2019-02-09 02:57:17,root,112.85.42.87
2019-02-09 02:57:16,root,115.230.127.27
2019-02-09 02:57:12,root,115.230.127.27
2019-02-09 02:57:11,root,115.230.127.27
2019-02-09 02:57:08,root,115.230.127.27
2019-02-09 02:57:05,root,115.230.127.27
2019-02-09 02:57:04,root,115.230.127.27
2019-02-09 02:57:01,root,115.230.127.27
2019-02-09 02:56:58,root,115.230.127.27
2019-02-09 02:56:57,root,115.230.127.27
2019-02-09 02:56:54,root,115.230.127.27
2019-02-09 02:56:49,root,115.230.127.27
2019-02-09 02:56:46,root,115.230.127.27
2019-02-09 02:56:44,root,115.230.127.27
2019-02-09 02:56:41,root,115.230.127.27
2019-02-09 02:56:39,root,115.230.127.27
2019-02-09 02:56:37,root,115.230.127.27
2019-02-09 02:56:32,root,115.230.127.27
2019-02-09 02:56:30,root,115.230.127.27
2019-02-09 02:56:29,root,115.230.127.27
2019-02-09 02:56:25,root,115.230.127.27
2019-02-09 02:56:23,root,115.230.127.27
2019-02-09 02:56:21,root,115.230.127.27
2019-02-09 02:56:20,root,112.85.42.87
2019-02-09 02:56:18,root,115.230.127.27
2019-02-09 02:56:18,root,112.85.42.87
2019-02-09 02:56:17,root,115.230.127.27
2019-02-09 02:56:16,root,112.85.42.87
2019-02-09 02:56:15,root,115.230.127.27
2019-02-09 02:56:12,root,115.230.127.27
2019-02-09 02:56:10,root,115.230.127.27
2019-02-09 02:56:09,root,115.230.127.27
2019-02-09 02:56:00,root,115.230.127.27
2019-02-09 02:55:59,root,115.230.127.27
2019-02-09 02:55:57,root,115.230.127.27
2019-02-09 02:55:54,root,115.230.127.27
2019-02-09 02:55:52,root,115.230.127.27
2019-02-09 02:55:50,root,115.230.127.27
2019-02-09 02:55:47,root,115.230.127.27
2019-02-09 02:55:45,root,115.230.127.27
2019-02-09 02:55:43,root,115.230.127.27
2019-02-09 02:55:41,root,115.230.127.27
2019-02-09 02:55:38,root,115.230.127.27
2019-02-09 02:55:36,root,115.230.127.27
2019-02-09 02:55:32,root,115.230.127.27
2019-02-09 02:55:30,root,115.230.127.27
2019-02-09 02:55:28,root,115.230.127.27
2019-02-09 02:55:26,root,112.85.42.87
2019-02-09 02:55:25,root,115.230.127.27
2019-02-09 02:55:24,root,112.85.42.87
2019-02-09 02:55:23,root,115.230.127.27
2019-02-09 02:55:21,root,115.230.127.27
2019-02-09 02:55:21,root,112.85.42.87
2019-02-09 02:55:19,root,115.230.127.27
2019-02-09 02:55:16,root,115.230.127.27
2019-02-09 02:55:15,root,115.230.127.27
2019-02-09 02:55:11,root,115.230.127.27
2019-02-09 02:55:10,root,115.230.127.27
2019-02-09 02:55:08,root,115.230.127.27
2019-02-09 02:55:05,root,115.230.127.27
2019-02-09 02:55:03,root,115.230.127.27
2019-02-09 02:55:01,root,115.230.127.27
2019-02-09 02:54:58,root,115.230.127.27
2019-02-09 02:54:56,root,115.230.127.27
2019-02-09 02:54:53,root,115.230.127.27
2019-02-09 02:54:51,root,115.230.127.27
2019-02-09 02:54:48,root,115.230.127.27
2019-02-09 02:54:46,root,115.230.127.27
2019-02-09 02:54:44,root,115.230.127.27
2019-02-09 02:54:42,root,115.230.127.27
2019-02-09 02:54:40,root,115.230.127.27
2019-02-09 02:54:36,root,115.230.127.27
2019-02-09 02:54:34,root,115.230.127.27
2019-02-09 02:54:33,root,115.230.127.27
2019-02-09 02:54:31,root,115.230.127.27
2019-02-09 02:54:28,root,112.85.42.87
2019-02-09 02:54:28,root,115.230.127.27
2019-02-09 02:54:26,root,115.230.127.27
2019-02-09 02:54:26,root,112.85.42.87
2019-02-09 02:54:24,root,112.85.42.87
2019-02-09 02:54:23,root,115.230.127.27
2019-02-09 02:54:21,root,115.230.127.27
2019-02-09 02:54:19,root,115.230.127.27
2019-02-09 02:54:16,root,115.230.127.27
2019-02-09 02:54:15,root,115.230.127.27
2019-02-09 02:54:12,root,115.230.127.27
2019-02-09 02:54:08,root,115.230.127.27
2019-02-09 02:54:05,root,115.230.127.27
2019-02-09 02:54:02,root,115.230.127.27
2019-02-09 02:53:58,root,115.230.127.27
2019-02-09 02:53:56,root,115.230.127.27
2019-02-09 02:53:53,root,115.230.127.27
2019-02-09 02:53:50,root,115.230.127.27
2019-02-09 02:53:48,root,115.230.127.27
2019-02-09 02:53:46,root,115.230.127.27
2019-02-09 02:53:41,root,115.230.127.27
2019-02-09 02:53:38,root,115.230.127.27
2019-02-09 02:53:36,root,115.230.127.27
2019-02-09 02:53:34,root,115.230.127.27
2019-02-09 02:53:31,root,115.230.127.27
2019-02-09 02:53:29,root,112.85.42.87
2019-02-09 02:53:29,root,115.230.127.27
2019-02-09 02:53:26,root,112.85.42.87
2019-02-09 02:53:26,root,115.230.127.27
2019-02-09 02:53:24,root,112.85.42.87
2019-02-09 02:53:24,root,115.230.127.27
2019-02-09 02:53:22,root,115.230.127.27
2019-02-09 02:53:17,root,115.230.127.27
2019-02-09 02:53:14,root,115.230.127.27
2019-02-09 02:53:12,root,115.230.127.27
2019-02-09 02:53:08,root,115.230.127.27
2019-02-09 02:53:06,root,115.230.127.27
2019-02-09 02:53:03,root,115.230.127.27
2019-02-09 02:53:01,root,115.230.127.27
2019-02-09 02:52:58,root,115.230.127.27
2019-02-09 02:52:56,root,115.230.127.27
2019-02-09 02:52:52,root,115.230.127.27
2019-02-09 02:52:49,root,115.230.127.27
2019-02-09 02:52:47,root,115.230.127.27
2019-02-09 02:52:43,root,115.230.127.27
2019-02-09 02:52:40,root,115.230.127.27
2019-02-09 02:52:37,root,115.230.127.27
2019-02-09 02:52:33,root,115.230.127.27
2019-02-09 02:52:30,root,115.230.127.27
2019-02-09 02:52:28,root,115.230.127.27
2019-02-09 02:52:25,root,115.230.127.27
2019-02-09 02:52:25,root,112.85.42.87
2019-02-09 02:52:23,root,112.85.42.87
2019-02-09 02:52:23,root,115.230.127.27
2019-02-09 02:52:21,root,112.85.42.87
2019-02-09 02:52:20,root,115.230.127.27
2019-02-09 02:52:12,root,115.230.127.27
2019-02-09 02:52:10,root,115.230.127.27
2019-02-09 02:52:08,root,115.230.127.27
2019-02-09 02:52:04,root,115.230.127.27
2019-02-09 02:52:02,root,115.230.127.27
2019-02-09 02:51:57,root,115.230.127.27
2019-02-09 02:51:53,root,115.230.127.27
2019-02-09 02:51:51,root,115.230.127.27
2019-02-09 02:51:49,root,115.230.127.27
2019-02-09 02:51:45,root,115.230.127.27
2019-02-09 02:51:43,root,115.230.127.27
2019-02-09 02:51:41,root,115.230.127.27
2019-02-09 02:51:39,root,115.230.127.27
2019-02-09 02:51:36,root,115.230.127.27
2019-02-09 02:51:34,root,115.230.127.27
2019-02-09 02:51:31,root,115.230.127.27
2019-02-09 02:51:29,root,115.230.127.27
2019-02-09 02:51:27,root,115.230.127.27
2019-02-09 02:51:26,root,112.85.42.87
2019-02-09 02:51:24,root,112.85.42.87
2019-02-09 02:51:21,root,112.85.42.87
2019-02-09 02:51:17,root,115.230.127.27
2019-02-09 02:51:14,root,115.230.127.27
2019-02-09 02:51:11,root,115.230.127.27
2019-02-09 02:51:08,root,115.230.127.27
2019-02-09 02:51:06,root,115.230.127.27
2019-02-09 02:51:04,root,115.230.127.27
2019-02-09 02:50:59,root,115.230.127.27
2019-02-09 02:50:56,root,115.230.127.27
2019-02-09 02:50:54,root,115.230.127.27
2019-02-09 02:50:40,root,115.230.127.27
2019-02-09 02:50:37,root,115.230.127.27
2019-02-09 02:50:36,root,115.230.127.27
2019-02-09 02:50:32,root,115.230.127.27
2019-02-09 02:50:30,root,115.230.127.27
2019-02-09 02:50:28,root,112.85.42.87
2019-02-09 02:50:28,root,115.230.127.27
2019-02-09 02:50:26,root,112.85.42.87
2019-02-09 02:50:24,root,112.85.42.87
2019-02-09 02:50:23,root,115.230.127.27
2019-02-09 02:50:21,root,115.230.127.27
2019-02-09 02:50:19,root,115.230.127.27
2019-02-09 02:50:16,root,115.230.127.27
2019-02-09 02:50:13,root,115.230.127.27
2019-02-09 02:50:11,root,115.230.127.27
2019-02-09 02:50:09,root,115.230.127.27
2019-02-09 02:50:06,root,115.230.127.27
2019-02-09 02:50:05,root,115.230.127.27
2019-02-09 02:50:01,root,115.230.127.27
2019-02-09 02:49:59,root,115.230.127.27
2019-02-09 02:49:56,root,115.230.127.27
2019-02-09 02:49:51,root,115.230.127.27
2019-02-09 02:49:49,root,115.230.127.27
2019-02-09 02:49:46,root,115.230.127.27
2019-02-09 02:49:42,root,115.230.127.27
2019-02-09 02:49:40,root,115.230.127.27
2019-02-09 02:49:38,root,115.230.127.27
2019-02-09 02:49:35,root,115.230.127.27
2019-02-09 02:49:32,root,115.230.127.27
2019-02-09 02:49:30,root,115.230.127.27
2019-02-09 02:49:27,root,115.230.127.27
2019-02-09 02:49:25,root,115.230.127.27
2019-02-09 02:49:25,root,112.85.42.87
2019-02-09 02:49:23,root,115.230.127.27
2019-02-09 02:49:23,root,112.85.42.87
2019-02-09 02:49:21,root,112.85.42.87
2019-02-09 02:49:19,root,115.230.127.27
2019-02-09 02:49:17,root,115.230.127.27
2019-02-09 02:49:16,root,115.230.127.27
2019-02-09 02:49:13,root,115.230.127.27
2019-02-09 02:49:10,root,115.230.127.27
2019-02-09 02:49:08,root,115.230.127.27
2019-02-09 02:49:05,root,115.230.127.27
2019-02-09 02:49:04,root,115.230.127.27
2019-02-09 02:49:01,root,115.230.127.27
2019-02-09 02:48:51,root,115.230.127.27
2019-02-09 02:48:48,root,115.230.127.27
2019-02-09 02:48:46,root,115.230.127.27
2019-02-09 02:48:43,root,115.230.127.27
2019-02-09 02:48:40,root,115.230.127.27
2019-02-09 02:48:38,root,115.230.127.27
2019-02-09 02:48:33,root,115.230.127.27
2019-02-09 02:48:31,root,115.230.127.27
2019-02-09 02:48:30,root,112.85.42.87
2019-02-09 02:48:29,root,115.230.127.27
2019-02-09 02:48:28,root,112.85.42.87
2019-02-09 02:48:26,root,112.85.42.87
2019-02-09 02:48:25,root,115.230.127.27
2019-02-09 02:48:23,root,115.230.127.27
2019-02-09 02:48:21,root,115.230.127.27
2019-02-09 02:47:56,root,115.230.127.27
2019-02-09 02:47:54,root,115.230.127.27
2019-02-09 02:47:51,root,115.230.127.27
2019-02-09 02:47:48,root,115.230.127.27
2019-02-09 02:47:46,root,115.230.127.27
2019-02-09 02:47:44,root,115.230.127.27
2019-02-09 02:47:32,root,112.85.42.87
2019-02-09 02:47:29,root,112.85.42.87
2019-02-09 02:47:27,root,112.85.42.87
2019-02-09 02:47:09,root,115.230.127.27
2019-02-09 02:47:06,root,115.230.127.27
2019-02-09 02:47:04,root,115.230.127.27
2019-02-09 02:47:01,root,115.230.127.27
2019-02-09 02:46:59,root,115.230.127.27
2019-02-09 02:46:57,root,115.230.127.27
2019-02-09 02:46:54,root,115.230.127.27
2019-02-09 02:46:52,root,115.230.127.27
2019-02-09 02:46:49,root,115.230.127.27
2019-02-09 02:46:44,root,115.230.127.27
2019-02-09 02:46:42,root,115.230.127.27
2019-02-09 02:46:40,root,115.230.127.27
2019-02-09 02:46:37,root,115.230.127.27
2019-02-09 02:46:34,root,115.230.127.27
2019-02-09 02:46:33,root,115.230.127.27
2019-02-09 02:46:31,root,112.85.42.87
2019-02-09 02:46:29,root,115.230.127.27
2019-02-09 02:46:28,root,112.85.42.87
2019-02-09 02:46:26,root,115.230.127.27
2019-02-09 02:46:26,root,112.85.42.87
2019-02-09 02:46:24,root,115.230.127.27
2019-02-09 02:46:21,root,115.230.127.27
2019-02-09 02:46:19,root,115.230.127.27
2019-02-09 02:46:16,root,115.230.127.27
2019-02-09 02:46:13,root,115.230.127.27
2019-02-09 02:46:11,root,115.230.127.27
2019-02-09 02:46:08,root,115.230.127.27
2019-02-09 02:46:05,root,115.230.127.27
2019-02-09 02:46:03,root,115.230.127.27
2019-02-09 02:46:01,root,115.230.127.27
2019-02-09 02:45:57,root,115.230.127.27
2019-02-09 02:45:55,root,115.230.127.27
2019-02-09 02:45:53,root,115.230.127.27
2019-02-09 02:45:48,root,115.230.127.27
2019-02-09 02:45:45,root,115.230.127.27
2019-02-09 02:45:43,root,115.230.127.27
2019-02-09 02:45:35,root,115.230.127.27
2019-02-09 02:45:33,root,115.230.127.27
2019-02-09 02:45:30,root,115.230.127.27
2019-02-09 02:45:28,root,112.85.42.87
2019-02-09 02:45:27,root,115.230.127.27
2019-02-09 02:45:25,root,112.85.42.87
2019-02-09 02:45:24,root,115.230.127.27
2019-02-09 02:45:23,root,112.85.42.87
2019-02-09 02:45:22,root,115.230.127.27
2019-02-09 02:45:17,root,115.230.127.27
2019-02-09 02:45:14,root,115.230.127.27
2019-02-09 02:45:11,root,115.230.127.27
2019-02-09 02:44:58,root,115.230.127.27
2019-02-09 02:44:56,root,115.230.127.27
2019-02-09 02:44:53,root,115.230.127.27
2019-02-09 02:44:51,root,115.230.127.27
2019-02-09 02:44:48,root,115.230.127.27
2019-02-09 02:44:46,root,115.230.127.27
2019-02-09 02:44:36,root,115.230.127.27
2019-02-09 02:44:29,root,115.230.127.27
2019-02-09 02:44:27,root,112.85.42.87
2019-02-09 02:44:25,root,115.230.127.27
2019-02-09 02:44:24,root,112.85.42.87
2019-02-09 02:44:23,root,115.230.127.27
2019-02-09 02:44:22,root,112.85.42.87
2019-02-09 02:44:21,root,115.230.127.27
2019-02-09 02:44:21,ftp_test,106.12.205.172
2019-02-09 02:44:19,ftp_test,106.12.205.172
2019-02-09 02:44:16,root,115.230.127.27
2019-02-09 02:44:13,root,115.230.127.27
2019-02-09 02:44:11,root,115.230.127.27
2019-02-09 02:44:09,root,115.230.127.27
2019-02-09 02:44:06,root,115.230.127.27
2019-02-09 02:44:04,root,115.230.127.27
2019-02-09 02:44:01,root,115.230.127.27
2019-02-09 02:43:59,root,115.230.127.27
2019-02-09 02:43:58,root,115.230.127.27
2019-02-09 02:43:53,root,115.230.127.27
2019-02-09 02:43:52,root,115.230.127.27
2019-02-09 02:43:50,root,115.230.127.27
2019-02-09 02:43:47,root,115.230.127.27
2019-02-09 02:43:45,root,115.230.127.27
2019-02-09 02:43:43,root,115.230.127.27
2019-02-09 02:43:37,root,115.230.127.27
2019-02-09 02:43:35,root,115.230.127.27
2019-02-09 02:43:34,root,115.230.127.27
2019-02-09 02:43:31,root,115.230.127.27
2019-02-09 02:43:30,root,112.85.42.87
2019-02-09 02:43:29,root,115.230.127.27
2019-02-09 02:43:28,root,112.85.42.87
2019-02-09 02:43:28,root,115.230.127.27
2019-02-09 02:43:26,root,112.85.42.87
2019-02-09 02:43:25,root,115.230.127.27
2019-02-09 02:43:23,root,115.230.127.27
2019-02-09 02:43:21,root,115.230.127.27
2019-02-09 02:43:19,root,115.230.127.27
2019-02-09 02:43:17,root,115.230.127.27
2019-02-09 02:43:15,root,115.230.127.27
2019-02-09 02:43:11,root,115.230.127.27
2019-02-09 02:43:09,root,115.230.127.27
2019-02-09 02:43:07,root,115.230.127.27
2019-02-09 02:43:04,root,115.230.127.27
2019-02-09 02:43:02,root,115.230.127.27
2019-02-09 02:43:00,root,115.230.127.27
2019-02-09 02:42:55,root,115.230.127.27
2019-02-09 02:42:53,root,115.230.127.27
2019-02-09 02:42:51,root,115.230.127.27
2019-02-09 02:42:48,root,115.230.127.27
2019-02-09 02:42:46,root,115.230.127.27
2019-02-09 02:42:43,root,115.230.127.27
2019-02-09 02:42:41,root,115.230.127.27
2019-02-09 02:42:39,root,115.230.127.27
2019-02-09 02:42:37,root,115.230.127.27
2019-02-09 02:42:34,root,115.230.127.27
2019-02-09 02:42:34,root,112.85.42.87
2019-02-09 02:42:31,root,115.230.127.27
2019-02-09 02:42:31,root,112.85.42.87
2019-02-09 02:42:30,root,115.230.127.27
2019-02-09 02:42:29,root,112.85.42.87
2019-02-09 02:42:27,root,115.230.127.27
2019-02-09 02:42:25,root,115.230.127.27
2019-02-09 02:42:23,root,115.230.127.27
2019-02-09 02:42:20,root,115.230.127.27
2019-02-09 02:42:17,root,115.230.127.27
2019-02-09 02:42:16,root,115.230.127.27
2019-02-09 02:42:10,root,115.230.127.27
2019-02-09 02:42:09,root,115.230.127.27
2019-02-09 02:42:07,root,115.230.127.27
2019-02-09 02:41:59,root,115.230.127.27
2019-02-09 02:41:56,root,115.230.127.27
2019-02-09 02:41:54,root,115.230.127.27
2019-02-09 02:41:50,root,115.230.127.27
2019-02-09 02:41:48,root,115.230.127.27
2019-02-09 02:41:45,root,115.230.127.27
2019-02-09 02:41:42,root,115.230.127.27
2019-02-09 02:41:41,root,115.230.127.27
2019-02-09 02:41:39,root,115.230.127.27
2019-02-09 02:41:36,root,115.230.127.27
2019-02-09 02:41:36,root,112.85.42.87
2019-02-09 02:41:34,root,115.230.127.27
2019-02-09 02:41:33,root,112.85.42.87
2019-02-09 02:41:31,root,115.230.127.27
2019-02-09 02:41:31,root,112.85.42.87
2019-02-09 02:41:27,root,115.230.127.27
2019-02-09 02:41:25,root,115.230.127.27
2019-02-09 02:41:23,root,115.230.127.27
2019-02-09 02:41:18,root,115.230.127.27
2019-02-09 02:41:17,root,115.230.127.27
2019-02-09 02:41:15,root,115.230.127.27
2019-02-09 02:41:11,root,115.230.127.27
2019-02-09 02:41:09,root,115.230.127.27
2019-02-09 02:41:08,root,115.230.127.27
2019-02-09 02:40:59,root,115.230.127.27
2019-02-09 02:40:57,root,115.230.127.27
2019-02-09 02:40:55,root,115.230.127.27
2019-02-09 02:40:52,root,115.230.127.27
2019-02-09 02:40:47,root,115.230.127.27
2019-02-09 02:40:45,root,115.230.127.27
2019-02-09 02:40:43,root,115.230.127.27
2019-02-09 02:40:39,root,115.230.127.27
2019-02-09 02:40:37,root,115.230.127.27
2019-02-09 02:40:34,root,112.85.42.87
2019-02-09 02:40:33,root,115.230.127.27
2019-02-09 02:40:33,root,112.85.42.87
2019-02-09 02:40:30,root,115.230.127.27
2019-02-09 02:40:30,root,112.85.42.87
2019-02-09 02:40:28,root,115.230.127.27
2019-02-09 02:40:22,root,115.230.127.27
2019-02-09 02:40:21,root,115.230.127.27
2019-02-09 02:40:18,root,115.230.127.27
2019-02-09 02:40:14,root,115.230.127.27
2019-02-09 02:40:11,root,115.230.127.27
2019-02-09 02:40:09,root,115.230.127.27
2019-02-09 02:40:06,root,115.230.127.27
2019-02-09 02:40:04,root,115.230.127.27
2019-02-09 02:40:01,root,115.230.127.27
2019-02-09 02:39:58,root,115.230.127.27
2019-02-09 02:39:56,root,115.230.127.27
2019-02-09 02:39:53,root,115.230.127.27
2019-02-09 02:39:50,root,115.230.127.27
2019-02-09 02:39:48,root,115.230.127.27
2019-02-09 02:39:46,root,115.230.127.27
2019-02-09 02:39:43,root,115.230.127.27
2019-02-09 02:39:41,root,115.230.127.27
2019-02-09 02:39:39,root,115.230.127.27
2019-02-09 02:39:36,root,115.230.127.27
2019-02-09 02:39:34,root,115.230.127.27
2019-02-09 02:39:32,root,115.230.127.27
2019-02-09 02:39:32,root,112.85.42.87
2019-02-09 02:39:29,root,112.85.42.87
2019-02-09 02:39:27,root,112.85.42.87
2019-02-09 02:39:17,root,115.230.127.27
2019-02-09 02:39:15,root,115.230.127.27
2019-02-09 02:39:12,root,115.230.127.27
2019-02-09 02:39:08,root,115.230.127.27
2019-02-09 02:39:06,root,115.230.127.27
2019-02-09 02:39:04,root,115.230.127.27
2019-02-09 02:39:02,root,115.230.127.27
2019-02-09 02:39:00,root,115.230.127.27
2019-02-09 02:38:57,root,115.230.127.27
2019-02-09 02:38:55,root,115.230.127.27
2019-02-09 02:38:52,root,115.230.127.27
2019-02-09 02:38:50,root,115.230.127.27
2019-02-09 02:38:45,root,115.230.127.27
2019-02-09 02:38:44,root,115.230.127.27
2019-02-09 02:38:41,root,115.230.127.27
2019-02-09 02:38:39,root,115.230.127.27
2019-02-09 02:38:36,root,112.85.42.87
2019-02-09 02:38:35,root,115.230.127.27
2019-02-09 02:38:33,root,112.85.42.87
2019-02-09 02:38:33,root,115.230.127.27
2019-02-09 02:38:31,root,112.85.42.87
2019-02-09 02:38:29,root,115.230.127.27
2019-02-09 02:38:27,root,115.230.127.27
2019-02-09 02:38:25,root,115.230.127.27
2019-02-09 02:38:22,root,115.230.127.27
2019-02-09 02:38:20,root,115.230.127.27
2019-02-09 02:38:18,root,115.230.127.27
2019-02-09 02:38:15,root,115.230.127.27
2019-02-09 02:38:13,root,115.230.127.27
2019-02-09 02:38:11,root,115.230.127.27
2019-02-09 02:38:08,root,115.230.127.27
2019-02-09 02:38:04,root,115.230.127.27
2019-02-09 02:38:01,root,115.230.127.27
2019-02-09 02:37:54,root,115.230.127.27
2019-02-09 02:37:52,root,115.230.127.27
2019-02-09 02:37:49,root,115.230.127.27
2019-02-09 02:37:46,root,115.230.127.27
2019-02-09 02:37:44,root,115.230.127.27
2019-02-09 02:37:42,root,115.230.127.27
2019-02-09 02:37:39,root,115.230.127.27
2019-02-09 02:37:38,root,115.230.127.27
2019-02-09 02:37:36,root,115.230.127.27
2019-02-09 02:37:33,root,112.85.42.87
2019-02-09 02:37:33,root,115.230.127.27
2019-02-09 02:37:31,root,112.85.42.87
2019-02-09 02:37:31,root,115.230.127.27
2019-02-09 02:37:29,root,112.85.42.87
2019-02-09 02:37:29,root,115.230.127.27
2019-02-09 02:37:25,root,115.230.127.27
2019-02-09 02:37:24,root,115.230.127.27
2019-02-09 02:37:21,root,115.230.127.27
2019-02-09 02:37:14,root,115.230.127.27
2019-02-09 02:37:12,root,115.230.127.27
2019-02-09 02:37:10,root,115.230.127.27
2019-02-09 02:37:05,root,115.230.127.27
2019-02-09 02:37:03,root,115.230.127.27
2019-02-09 02:37:00,root,115.230.127.27
2019-02-09 02:36:55,root,115.230.127.27
2019-02-09 02:36:53,root,115.230.127.27
2019-02-09 02:36:51,root,115.230.127.27
2019-02-09 02:36:42,root,115.230.127.27
2019-02-09 02:36:40,root,115.230.127.27
2019-02-09 02:36:38,root,115.230.127.27
2019-02-09 02:36:35,root,115.230.127.27
2019-02-09 02:36:34,root,115.230.127.27
2019-02-09 02:36:32,root,115.230.127.27
2019-02-09 02:36:32,root,112.85.42.87
2019-02-09 02:36:29,root,112.85.42.87
2019-02-09 02:36:27,root,112.85.42.87
2019-02-09 02:36:11,test,58.26.43.39
2019-02-09 02:36:09,test,58.26.43.39
2019-02-09 02:35:38,root,112.85.42.87
2019-02-09 02:35:36,root,112.85.42.87
2019-02-09 02:35:33,root,112.85.42.87
2019-02-09 02:34:39,root,112.85.42.87
2019-02-09 02:34:36,root,112.85.42.87
2019-02-09 02:34:34,root,112.85.42.87
2019-02-09 02:32:35,root,112.85.42.87
2019-02-09 02:32:33,root,112.85.42.87
2019-02-09 02:32:30,root,112.85.42.87
2019-02-09 02:31:34,root,112.85.42.87
2019-02-09 02:31:32,root,112.85.42.87
2019-02-09 02:31:31,root,112.85.42.87
2019-02-09 02:30:34,root,112.85.42.87
2019-02-09 02:30:32,root,112.85.42.87
2019-02-09 02:30:30,root,112.85.42.87
2019-02-09 02:29:41,root,112.85.42.87
2019-02-09 02:29:38,root,112.85.42.87
2019-02-09 02:29:37,root,112.85.42.87
2019-02-09 02:28:43,root,112.85.42.87
2019-02-09 02:28:40,root,112.85.42.87
2019-02-09 02:28:38,root,112.85.42.87
2019-02-09 02:27:39,root,112.85.42.87
2019-02-09 02:27:37,root,112.85.42.87
2019-02-09 02:27:34,root,112.85.42.87
2019-02-09 02:26:39,root,112.85.42.87
2019-02-09 02:26:38,root,112.85.42.87
2019-02-09 02:26:35,root,112.85.42.87
2019-02-09 02:25:38,root,112.85.42.87
2019-02-09 02:25:36,root,112.85.42.87
2019-02-09 02:25:34,root,112.85.42.87
2019-02-09 02:24:43,root,112.85.42.87
2019-02-09 02:24:40,root,112.85.42.87
2019-02-09 02:24:38,root,112.85.42.87
2019-02-09 02:23:45,root,112.85.42.87
2019-02-09 02:23:43,root,112.85.42.87
2019-02-09 02:23:41,root,112.85.42.87
2019-02-09 02:22:46,root,112.85.42.87
2019-02-09 02:22:44,root,112.85.42.87
2019-02-09 02:22:42,root,112.85.42.87
2019-02-09 02:21:45,root,112.85.42.87
2019-02-09 02:21:42,root,112.85.42.87
2019-02-09 02:21:40,root,112.85.42.87
2019-02-09 02:20:46,root,112.85.42.87
2019-02-09 02:20:43,root,112.85.42.87
2019-02-09 02:20:41,root,112.85.42.87
2019-02-09 02:19:43,root,112.85.42.87
2019-02-09 02:19:40,root,112.85.42.87
2019-02-09 02:19:38,root,112.85.42.87
2019-02-09 02:18:45,root,112.85.42.87
2019-02-09 02:18:43,root,112.85.42.87
2019-02-09 02:18:41,root,112.85.42.87
2019-02-09 02:17:44,root,112.85.42.87
2019-02-09 02:17:42,root,112.85.42.87
2019-02-09 02:17:40,root,112.85.42.87
2019-02-09 02:16:48,root,112.85.42.87
2019-02-09 02:16:46,root,112.85.42.87
2019-02-09 02:16:44,root,112.85.42.87
2019-02-09 02:15:49,root,112.85.42.87
2019-02-09 02:15:47,root,112.85.42.87
2019-02-09 02:15:45,root,112.85.42.87
2019-02-09 02:14:50,root,112.85.42.87
2019-02-09 02:14:47,root,112.85.42.87
2019-02-09 02:14:45,root,112.85.42.87
2019-02-09 02:12:50,root,112.85.42.87
2019-02-09 02:12:48,root,112.85.42.87
2019-02-09 02:12:46,root,112.85.42.87
2019-02-09 02:11:44,root,112.85.42.87
2019-02-09 02:11:42,root,112.85.42.87
2019-02-09 02:11:40,root,112.85.42.87
2019-02-09 02:10:52,root,112.85.42.87
2019-02-09 02:10:49,root,112.85.42.87
2019-02-09 02:10:47,root,112.85.42.87
2019-02-09 02:09:53,root,112.85.42.87
2019-02-09 02:09:51,root,112.85.42.87
2019-02-09 02:09:48,root,112.85.42.87
2019-02-09 02:08:54,root,112.85.42.87
2019-02-09 02:08:52,root,112.85.42.87
2019-02-09 02:08:49,root,112.85.42.87
2019-02-09 02:07:53,root,112.85.42.87
2019-02-09 02:07:50,root,112.85.42.87
2019-02-09 02:07:48,root,112.85.42.87
2019-02-09 02:06:51,root,112.85.42.87
2019-02-09 02:06:49,root,112.85.42.87
2019-02-09 02:06:47,root,112.85.42.87
2019-02-09 02:05:49,root,112.85.42.87
2019-02-09 02:05:47,root,112.85.42.87
2019-02-09 02:05:46,root,112.85.42.87
2019-02-09 02:04:56,root,112.85.42.87
2019-02-09 02:04:53,root,112.85.42.87
2019-02-09 02:04:51,root,112.85.42.87
2019-02-09 02:03:51,root,112.85.42.87
2019-02-09 02:03:50,root,112.85.42.87
2019-02-09 02:03:48,root,112.85.42.87
2019-02-09 02:02:54,root,112.85.42.87
2019-02-09 02:02:51,root,112.85.42.87
2019-02-09 02:02:49,root,112.85.42.87
2019-02-09 02:01:57,root,112.85.42.87
2019-02-09 02:01:55,root,112.85.42.87
2019-02-09 02:01:52,root,112.85.42.87
2019-02-09 02:01:00,root,112.85.42.87
2019-02-09 02:00:58,root,112.85.42.87
2019-02-09 02:00:55,root,112.85.42.87
2019-02-09 01:59:59,root,112.85.42.87
2019-02-09 01:59:57,root,112.85.42.87
2019-02-09 01:59:55,root,112.85.42.87
2019-02-09 01:59:01,root,112.85.42.87
2019-02-09 01:58:59,root,112.85.42.87
2019-02-09 01:58:57,root,112.85.42.87
2019-02-09 01:58:03,root,112.85.42.87
2019-02-09 01:58:00,root,112.85.42.87
2019-02-09 01:57:58,root,112.85.42.87
2019-02-09 01:57:02,root,112.85.42.87
2019-02-09 01:56:59,root,112.85.42.87
2019-02-09 01:56:57,root,112.85.42.87
2019-02-09 01:54:59,root,112.85.42.87
2019-02-09 01:54:56,root,112.85.42.87
2019-02-09 01:54:54,root,112.85.42.87
2019-02-09 01:54:02,root,112.85.42.87
2019-02-09 01:54:00,root,112.85.42.87
2019-02-09 01:53:57,root,112.85.42.87
2019-02-09 01:53:02,root,112.85.42.87
2019-02-09 01:52:59,root,112.85.42.87
2019-02-09 01:52:57,root,112.85.42.87
2019-02-09 01:51:59,root,112.85.42.87
2019-02-09 01:51:57,root,112.85.42.87
2019-02-09 01:51:55,root,112.85.42.87
2019-02-09 01:51:03,root,112.85.42.87
2019-02-09 01:51:01,root,112.85.42.87
2019-02-09 01:50:59,root,112.85.42.87
2019-02-09 01:50:04,root,112.85.42.87
2019-02-09 01:50:02,root,112.85.42.87
2019-02-09 01:50:01,root,112.85.42.87
2019-02-09 01:49:09,root,112.85.42.87
2019-02-09 01:49:06,root,112.85.42.87
2019-02-09 01:49:04,root,112.85.42.87
2019-02-09 01:48:09,root,112.85.42.87
2019-02-09 01:48:07,root,112.85.42.87
2019-02-09 01:48:04,root,112.85.42.87
2019-02-09 01:47:10,root,112.85.42.87
2019-02-09 01:47:08,root,112.85.42.87
2019-02-09 01:47:07,root,112.85.42.87
2019-02-09 01:46:12,root,112.85.42.87
2019-02-09 01:46:10,root,112.85.42.87
2019-02-09 01:46:08,root,112.85.42.87
2019-02-09 01:45:11,root,112.85.42.87
2019-02-09 01:45:09,root,112.85.42.87
2019-02-09 01:45:06,root,112.85.42.87
2019-02-09 01:43:17,root,112.85.42.87
2019-02-09 01:43:14,root,112.85.42.87
2019-02-09 01:43:12,root,112.85.42.87
2019-02-09 01:42:17,root,112.85.42.87
2019-02-09 01:42:15,root,112.85.42.87
2019-02-09 01:42:12,root,112.85.42.87
2019-02-09 01:41:17,root,112.85.42.87
2019-02-09 01:41:15,root,112.85.42.87
2019-02-09 01:41:13,root,112.85.42.87
2019-02-09 01:40:14,root,112.85.42.87
2019-02-09 01:40:12,root,112.85.42.87
2019-02-09 01:40:10,root,112.85.42.87
2019-02-09 01:39:19,root,112.85.42.87
2019-02-09 01:39:17,root,112.85.42.87
2019-02-09 01:39:15,root,112.85.42.87
2019-02-09 01:38:18,root,112.85.42.87
2019-02-09 01:38:16,root,112.85.42.87
2019-02-09 01:38:13,root,112.85.42.87
2019-02-09 01:37:23,root,112.85.42.87
2019-02-09 01:37:22,root,112.85.42.87
2019-02-09 01:37:20,root,112.85.42.87
2019-02-09 01:36:23,root,112.85.42.87
2019-02-09 01:36:21,root,112.85.42.87
2019-02-09 01:36:19,root,112.85.42.87
2019-02-09 01:35:25,root,112.85.42.87
2019-02-09 01:35:23,root,112.85.42.87
2019-02-09 01:35:21,root,112.85.42.87
2019-02-09 01:34:24,root,112.85.42.87
2019-02-09 01:34:22,root,112.85.42.87
2019-02-09 01:34:20,root,112.85.42.87
2019-02-09 01:33:27,root,112.85.42.87
2019-02-09 01:33:25,root,112.85.42.87
2019-02-09 01:33:23,root,112.85.42.87
2019-02-09 01:32:27,root,112.85.42.87
2019-02-09 01:32:25,root,112.85.42.87
2019-02-09 01:32:23,root,112.85.42.87
2019-02-09 01:30:33,root,112.85.42.87
2019-02-09 01:30:30,root,112.85.42.87
2019-02-09 01:30:28,root,112.85.42.87
2019-02-09 01:29:25,root,112.85.42.87
2019-02-09 01:29:23,root,112.85.42.87
2019-02-09 01:29:21,root,112.85.42.87
2019-02-09 01:28:28,root,112.85.42.87
2019-02-09 01:28:26,root,112.85.42.87
2019-02-09 01:28:24,root,112.85.42.87
2019-02-09 01:27:30,root,112.85.42.87
2019-02-09 01:27:28,root,112.85.42.87
2019-02-09 01:27:25,root,112.85.42.87
2019-02-09 01:26:34,root,112.85.42.87
2019-02-09 01:26:32,root,112.85.42.87
2019-02-09 01:26:30,root,112.85.42.87
2019-02-09 01:25:31,root,112.85.42.87
2019-02-09 01:25:29,root,112.85.42.87
2019-02-09 01:25:27,root,112.85.42.87
2019-02-09 01:24:39,root,112.85.42.87
2019-02-09 01:24:36,root,112.85.42.87
2019-02-09 01:24:34,root,112.85.42.87
2019-02-09 01:23:38,root,112.85.42.87
2019-02-09 01:23:36,root,112.85.42.87
2019-02-09 01:23:34,root,112.85.42.87
2019-02-09 01:22:38,root,112.85.42.87
2019-02-09 01:22:36,root,112.85.42.87
2019-02-09 01:22:34,root,112.85.42.87
2019-02-09 01:21:38,root,112.85.42.87
2019-02-09 01:21:36,root,112.85.42.87
2019-02-09 01:21:34,root,112.85.42.87
2019-02-09 01:20:41,root,112.85.42.87
2019-02-09 01:20:39,root,112.85.42.87
2019-02-09 01:20:37,root,112.85.42.87
2019-02-09 01:19:37,root,112.85.42.87
2019-02-09 01:19:35,root,112.85.42.87
2019-02-09 01:19:33,root,112.85.42.87
2019-02-09 01:18:45,root,112.85.42.87
2019-02-09 01:18:42,root,112.85.42.87
2019-02-09 01:18:40,root,112.85.42.87
2019-02-09 01:17:38,root,112.85.42.87
2019-02-09 01:17:36,root,112.85.42.87
2019-02-09 01:17:34,root,112.85.42.87
2019-02-09 01:16:43,root,112.85.42.87
2019-02-09 01:16:41,root,112.85.42.87
2019-02-09 01:16:39,root,112.85.42.87
2019-02-09 01:15:37,root,112.85.42.87
2019-02-09 01:15:35,root,112.85.42.87
2019-02-09 01:15:33,root,112.85.42.87
2019-02-09 01:14:44,root,112.85.42.87
2019-02-09 01:14:42,root,112.85.42.87
2019-02-09 01:14:40,root,112.85.42.87
2019-02-09 01:13:46,root,112.85.42.87
2019-02-09 01:13:44,root,112.85.42.87
2019-02-09 01:13:42,root,112.85.42.87
2019-02-09 01:12:43,root,112.85.42.87
2019-02-09 01:12:41,root,112.85.42.87
2019-02-09 01:12:39,root,112.85.42.87
2019-02-09 01:11:44,root,112.85.42.87
2019-02-09 01:11:41,root,112.85.42.87
2019-02-09 01:11:39,root,112.85.42.87
2019-02-09 01:10:49,root,112.85.42.87
2019-02-09 01:10:47,root,112.85.42.87
2019-02-09 01:10:44,root,112.85.42.87
2019-02-09 01:09:50,root,112.85.42.87
2019-02-09 01:09:47,root,112.85.42.87
2019-02-09 01:09:45,root,112.85.42.87
2019-02-09 01:08:46,root,112.85.42.87
2019-02-09 01:08:44,root,112.85.42.87
2019-02-09 01:08:42,root,112.85.42.87
2019-02-09 01:07:52,root,112.85.42.87
2019-02-09 01:07:50,root,112.85.42.87
2019-02-09 01:07:48,root,112.85.42.87
2019-02-09 01:06:54,root,112.85.42.87
2019-02-09 01:06:53,root,112.85.42.87
2019-02-09 01:06:51,root,112.85.42.87
2019-02-09 01:05:56,root,112.85.42.87
2019-02-09 01:05:53,root,112.85.42.87
2019-02-09 01:05:51,root,112.85.42.87
2019-02-09 01:04:56,root,112.85.42.87
2019-02-09 01:04:54,root,112.85.42.87
2019-02-09 01:04:52,root,112.85.42.87
2019-02-09 01:03:57,root,112.85.42.87
2019-02-09 01:03:54,root,112.85.42.87
2019-02-09 01:03:52,root,112.85.42.87
2019-02-09 01:02:56,root,112.85.42.87
2019-02-09 01:02:54,root,112.85.42.87
2019-02-09 01:02:52,root,112.85.42.87
2019-02-09 01:01:54,root,112.85.42.87
2019-02-09 01:01:52,root,112.85.42.87
2019-02-09 01:01:50,root,112.85.42.87
2019-02-09 01:00:59,root,112.85.42.87
2019-02-09 01:00:57,root,112.85.42.87
2019-02-09 01:00:55,root,112.85.42.87
2019-02-09 01:00:03,root,112.85.42.87
2019-02-09 01:00:01,root,112.85.42.87
2019-02-09 00:59:59,root,112.85.42.87
2019-02-09 00:59:05,root,112.85.42.87
2019-02-09 00:59:03,root,112.85.42.87
2019-02-09 00:59:00,root,112.85.42.87
2019-02-09 00:58:04,root,112.85.42.87
2019-02-09 00:58:02,root,112.85.42.87
2019-02-09 00:57:59,root,112.85.42.87
2019-02-09 00:57:00,root,112.85.42.87
2019-02-09 00:56:58,root,112.85.42.87
2019-02-09 00:56:56,root,112.85.42.87
2019-02-09 00:56:05,root,112.85.42.87
2019-02-09 00:56:03,root,112.85.42.87
2019-02-09 00:56:01,root,112.85.42.87
2019-02-09 00:55:06,root,112.85.42.87
2019-02-09 00:55:04,root,112.85.42.87
2019-02-09 00:55:02,root,112.85.42.87
2019-02-09 00:54:09,root,112.85.42.87
2019-02-09 00:54:07,root,112.85.42.87
2019-02-09 00:54:05,root,112.85.42.87
2019-02-09 00:53:12,root,112.85.42.87
2019-02-09 00:53:10,root,112.85.42.87
2019-02-09 00:53:07,root,112.85.42.87
2019-02-09 00:52:12,root,112.85.42.87
2019-02-09 00:52:10,root,112.85.42.87
2019-02-09 00:52:07,root,112.85.42.87
2019-02-09 00:51:12,root,112.85.42.87
2019-02-09 00:51:10,root,112.85.42.87
2019-02-09 00:51:07,root,112.85.42.87
2019-02-09 00:50:09,root,112.85.42.87
2019-02-09 00:50:07,root,112.85.42.87
2019-02-09 00:50:05,root,112.85.42.87
2019-02-09 00:49:11,root,112.85.42.87
2019-02-09 00:49:09,root,112.85.42.87
2019-02-09 00:49:07,root,112.85.42.87
2019-02-09 00:48:14,root,112.85.42.87
2019-02-09 00:48:12,root,112.85.42.87
2019-02-09 00:48:10,root,112.85.42.87
2019-02-09 00:47:12,root,112.85.42.87
2019-02-09 00:47:10,root,112.85.42.87
2019-02-09 00:47:08,root,112.85.42.87
2019-02-09 00:46:18,root,112.85.42.87
2019-02-09 00:46:16,root,112.85.42.87
2019-02-09 00:46:13,root,112.85.42.87
2019-02-09 00:45:18,root,112.85.42.87
2019-02-09 00:45:15,root,112.85.42.87
2019-02-09 00:45:13,root,112.85.42.87
2019-02-09 00:44:18,root,112.85.42.87
2019-02-09 00:44:16,root,112.85.42.87
2019-02-09 00:44:14,root,112.85.42.87
2019-02-09 00:43:19,root,112.85.42.87
2019-02-09 00:43:17,root,112.85.42.87
2019-02-09 00:43:15,root,112.85.42.87
2019-02-09 00:42:24,root,112.85.42.87
2019-02-09 00:42:22,root,112.85.42.87
2019-02-09 00:42:21,root,112.85.42.87
2019-02-09 00:41:23,root,112.85.42.87
2019-02-09 00:41:21,root,112.85.42.87
2019-02-09 00:41:20,root,112.85.42.87
2019-02-09 00:40:25,root,112.85.42.87
2019-02-09 00:40:23,root,112.85.42.87
2019-02-09 00:40:21,root,112.85.42.87
2019-02-09 00:39:27,root,112.85.42.87
2019-02-09 00:39:24,root,112.85.42.87
2019-02-09 00:39:22,root,112.85.42.87
2019-02-09 00:38:26,root,112.85.42.87
2019-02-09 00:38:23,root,112.85.42.87
2019-02-09 00:38:21,root,112.85.42.87
2019-02-09 00:37:25,root,112.85.42.87
2019-02-09 00:37:22,root,112.85.42.87
2019-02-09 00:37:21,root,112.85.42.87
2019-02-09 00:35:29,root,112.85.42.87
2019-02-09 00:35:28,root,112.85.42.87
2019-02-09 00:35:26,root,112.85.42.87
2019-02-09 00:34:32,root,112.85.42.87
2019-02-09 00:34:29,root,112.85.42.87
2019-02-09 00:34:27,root,112.85.42.87
2019-02-09 00:33:33,root,112.85.42.87
2019-02-09 00:33:31,root,112.85.42.87
2019-02-09 00:33:28,root,112.85.42.87
2019-02-09 00:32:33,root,112.85.42.87
2019-02-09 00:32:30,root,112.85.42.87
2019-02-09 00:32:28,root,112.85.42.87
2019-02-09 00:31:31,root,112.85.42.87
2019-02-09 00:31:28,root,112.85.42.87
2019-02-09 00:31:26,root,112.85.42.87
2019-02-09 00:30:34,root,112.85.42.87
2019-02-09 00:30:32,root,112.85.42.87
2019-02-09 00:30:30,root,112.85.42.87
2019-02-09 00:29:36,root,112.85.42.87
2019-02-09 00:29:34,root,112.85.42.87
2019-02-09 00:29:32,root,112.85.42.87
2019-02-09 00:28:38,root,112.85.42.87
2019-02-09 00:28:35,root,112.85.42.87
2019-02-09 00:28:33,root,112.85.42.87
2019-02-09 00:27:35,root,112.85.42.87
2019-02-09 00:27:33,root,112.85.42.87
2019-02-09 00:27:32,root,112.85.42.87
2019-02-09 00:26:38,root,112.85.42.87
2019-02-09 00:26:35,root,112.85.42.87
2019-02-09 00:26:33,root,112.85.42.87
2019-02-09 00:25:42,root,112.85.42.87
2019-02-09 00:25:40,root,112.85.42.87
2019-02-09 00:25:38,root,112.85.42.87
2019-02-09 00:24:40,root,112.85.42.87
2019-02-09 00:24:38,root,112.85.42.87
2019-02-09 00:24:36,root,112.85.42.87
2019-02-09 00:24:11,root,115.230.127.92
2019-02-09 00:24:09,root,115.230.127.92
2019-02-09 00:24:07,root,115.230.127.92
2019-02-09 00:24:05,root,115.230.127.92
2019-02-09 00:24:03,root,115.230.127.92
2019-02-09 00:23:38,root,112.85.42.87
2019-02-09 00:23:36,root,112.85.42.87
2019-02-09 00:23:35,root,112.85.42.87
2019-02-09 00:22:45,root,112.85.42.87
2019-02-09 00:22:42,root,112.85.42.87
2019-02-09 00:22:41,root,112.85.42.87
2019-02-09 00:21:46,root,112.85.42.87
2019-02-09 00:21:43,root,112.85.42.87
2019-02-09 00:21:42,root,112.85.42.87
2019-02-09 00:20:45,root,112.85.42.87
2019-02-09 00:20:44,root,112.85.42.87
2019-02-09 00:20:41,root,112.85.42.87
2019-02-09 00:19:48,root,112.85.42.87
2019-02-09 00:19:45,root,112.85.42.87
2019-02-09 00:19:43,root,112.85.42.87
2019-02-09 00:18:46,root,112.85.42.87
2019-02-09 00:18:44,root,112.85.42.87
2019-02-09 00:18:42,root,112.85.42.87
2019-02-09 00:17:49,root,112.85.42.87
2019-02-09 00:17:47,root,112.85.42.87
2019-02-09 00:17:45,root,112.85.42.87
2019-02-09 00:16:50,root,112.85.42.87
2019-02-09 00:16:48,root,112.85.42.87
2019-02-09 00:16:46,root,112.85.42.87
2019-02-09 00:15:55,root,112.85.42.87
2019-02-09 00:15:52,root,112.85.42.87
2019-02-09 00:15:50,root,112.85.42.87
2019-02-09 00:14:56,root,112.85.42.87
2019-02-09 00:14:54,root,112.85.42.87
2019-02-09 00:14:52,root,112.85.42.87
2019-02-09 00:13:57,root,112.85.42.87
2019-02-09 00:13:55,root,112.85.42.87
2019-02-09 00:13:52,root,112.85.42.87
2019-02-09 00:12:57,root,112.85.42.87
2019-02-09 00:12:56,root,112.85.42.87
2019-02-09 00:12:53,root,112.85.42.87
2019-02-09 00:11:58,root,112.85.42.87
2019-02-09 00:11:56,root,112.85.42.87
2019-02-09 00:11:54,root,112.85.42.87
2019-02-09 00:11:02,root,112.85.42.87
2019-02-09 00:10:59,root,112.85.42.87
2019-02-09 00:10:57,root,112.85.42.87
2019-02-09 00:10:01,root,112.85.42.87
2019-02-09 00:10:00,root,112.85.42.87
2019-02-09 00:09:58,root,112.85.42.87
2019-02-09 00:09:07,root,112.85.42.87
2019-02-09 00:09:05,root,112.85.42.87
2019-02-09 00:09:03,root,112.85.42.87
2019-02-09 00:08:03,root,112.85.42.87
2019-02-09 00:08:02,root,112.85.42.87
2019-02-09 00:07:59,root,112.85.42.87
2019-02-09 00:07:10,root,112.85.42.87
2019-02-09 00:07:08,root,112.85.42.87
2019-02-09 00:07:06,root,112.85.42.87
2019-02-09 00:06:05,root,112.85.42.87
2019-02-09 00:06:03,root,112.85.42.87
2019-02-09 00:06:02,root,112.85.42.87
2019-02-09 00:05:12,root,112.85.42.87
2019-02-09 00:05:10,root,112.85.42.87
2019-02-09 00:05:08,root,112.85.42.87
2019-02-09 00:04:12,root,112.85.42.87
2019-02-09 00:04:09,root,112.85.42.87
2019-02-09 00:04:07,root,112.85.42.87
2019-02-09 00:03:16,root,112.85.42.87
2019-02-09 00:03:14,root,112.85.42.87
2019-02-09 00:03:11,root,112.85.42.87
2019-02-09 00:02:12,root,112.85.42.87
2019-02-09 00:02:11,root,112.85.42.87
2019-02-09 00:02:08,root,112.85.42.87
2019-02-09 00:01:20,root,112.85.42.87
2019-02-09 00:01:18,root,112.85.42.87
2019-02-09 00:01:16,root,112.85.42.87
2019-02-09 00:00:19,root,112.85.42.87
2019-02-09 00:00:17,root,112.85.42.87
2019-02-09 00:00:15,root,112.85.42.87
2019-02-08 23:59:19,root,112.85.42.87
2019-02-08 23:59:17,root,112.85.42.87
2019-02-08 23:59:15,root,112.85.42.87
2019-02-08 23:58:18,root,112.85.42.87
2019-02-08 23:58:16,root,112.85.42.87
2019-02-08 23:58:15,root,112.85.42.87
2019-02-08 23:57:19,root,112.85.42.87
2019-02-08 23:57:17,root,112.85.42.87
2019-02-08 23:57:15,root,112.85.42.87
2019-02-08 23:56:25,root,112.85.42.87
2019-02-08 23:56:22,root,112.85.42.87
2019-02-08 23:56:20,root,112.85.42.87
2019-02-08 23:55:27,root,112.85.42.87
2019-02-08 23:55:24,root,112.85.42.87
2019-02-08 23:55:22,root,112.85.42.87
2019-02-08 23:54:22,root,112.85.42.87
2019-02-08 23:54:20,root,112.85.42.87
2019-02-08 23:54:18,root,112.85.42.87
2019-02-08 23:53:28,root,112.85.42.87
2019-02-08 23:53:26,root,112.85.42.87
2019-02-08 23:53:24,root,112.85.42.87
2019-02-08 23:52:29,root,112.85.42.87
2019-02-08 23:52:27,root,112.85.42.87
2019-02-08 23:52:25,root,112.85.42.87
2019-02-08 23:51:32,root,112.85.42.87
2019-02-08 23:51:29,root,112.85.42.87
2019-02-08 23:51:27,root,112.85.42.87
2019-02-08 23:50:34,root,112.85.42.87
2019-02-08 23:50:32,root,112.85.42.87
2019-02-08 23:50:30,root,112.85.42.87
2019-02-08 23:49:34,root,112.85.42.87
2019-02-08 23:49:32,root,112.85.42.87
2019-02-08 23:49:30,root,112.85.42.87
2019-02-08 23:48:34,root,112.85.42.87
2019-02-08 23:48:32,root,112.85.42.87
2019-02-08 23:48:31,root,112.85.42.87
2019-02-08 23:47:35,root,112.85.42.87
2019-02-08 23:47:33,root,112.85.42.87
2019-02-08 23:47:31,root,112.85.42.87
2019-02-08 23:46:36,root,112.85.42.87
2019-02-08 23:46:34,root,112.85.42.87
2019-02-08 23:46:32,root,112.85.42.87
2019-02-08 23:45:38,root,112.85.42.87
2019-02-08 23:45:36,root,112.85.42.87
2019-02-08 23:45:35,root,112.85.42.87
2019-02-08 23:44:41,root,112.85.42.87
2019-02-08 23:44:39,root,112.85.42.87
2019-02-08 23:44:37,root,112.85.42.87
2019-02-08 23:43:40,root,112.85.42.87
2019-02-08 23:43:38,root,112.85.42.87
2019-02-08 23:43:36,root,112.85.42.87
2019-02-08 23:42:43,root,112.85.42.87
2019-02-08 23:42:41,root,112.85.42.87
2019-02-08 23:42:39,root,112.85.42.87
2019-02-08 23:41:43,root,112.85.42.87
2019-02-08 23:41:40,root,112.85.42.87
2019-02-08 23:41:38,root,112.85.42.87
2019-02-08 23:40:43,root,112.85.42.87
2019-02-08 23:40:40,root,112.85.42.87
2019-02-08 23:40:38,root,112.85.42.87
2019-02-08 23:39:45,root,112.85.42.87
2019-02-08 23:39:43,root,112.85.42.87
2019-02-08 23:39:41,root,112.85.42.87
2019-02-08 23:38:48,root,112.85.42.87
2019-02-08 23:38:46,root,112.85.42.87
2019-02-08 23:38:44,root,112.85.42.87
2019-02-08 23:37:50,root,112.85.42.87
2019-02-08 23:37:48,root,112.85.42.87
2019-02-08 23:37:46,root,112.85.42.87
2019-02-08 23:36:53,root,112.85.42.87
2019-02-08 23:36:51,root,112.85.42.87
2019-02-08 23:36:49,root,112.85.42.87
2019-02-08 23:35:53,root,112.85.42.87
2019-02-08 23:35:50,root,112.85.42.87
2019-02-08 23:35:48,root,112.85.42.87
2019-02-08 23:34:50,root,112.85.42.87
2019-02-08 23:34:48,root,112.85.42.87
2019-02-08 23:34:46,root,112.85.42.87
2019-02-08 23:33:56,root,112.85.42.87
2019-02-08 23:33:53,root,112.85.42.87
2019-02-08 23:33:51,root,112.85.42.87
2019-02-08 23:32:58,root,112.85.42.87
2019-02-08 23:32:56,root,112.85.42.87
2019-02-08 23:32:54,root,112.85.42.87
2019-02-08 23:32:01,root,112.85.42.87
2019-02-08 23:31:58,root,112.85.42.87
2019-02-08 23:31:56,root,112.85.42.87
2019-02-08 23:31:00,root,112.85.42.87
2019-02-08 23:30:58,root,112.85.42.87
2019-02-08 23:30:56,root,112.85.42.87
2019-02-08 23:29:59,root,112.85.42.87
2019-02-08 23:29:57,root,112.85.42.87
2019-02-08 23:29:55,root,112.85.42.87
2019-02-08 23:29:04,root,112.85.42.87
2019-02-08 23:29:02,root,112.85.42.87
2019-02-08 23:28:59,root,112.85.42.87
2019-02-08 23:28:01,root,112.85.42.87
2019-02-08 23:27:58,root,112.85.42.87
2019-02-08 23:27:56,root,112.85.42.87
2019-02-08 23:27:05,root,112.85.42.87
2019-02-08 23:27:03,root,112.85.42.87
2019-02-08 23:27:02,root,112.85.42.87
2019-02-08 23:26:07,root,112.85.42.87
2019-02-08 23:26:05,root,112.85.42.87
2019-02-08 23:26:03,root,112.85.42.87
2019-02-08 23:25:10,root,112.85.42.87
2019-02-08 23:25:09,root,112.85.42.87
2019-02-08 23:25:07,root,112.85.42.87
2019-02-08 23:24:15,root,112.85.42.87
2019-02-08 23:24:12,root,112.85.42.87
2019-02-08 23:24:10,root,112.85.42.87
2019-02-08 23:23:11,root,112.85.42.87
2019-02-08 23:23:09,root,112.85.42.87
2019-02-08 23:23:07,root,112.85.42.87
2019-02-08 23:22:15,root,112.85.42.87
2019-02-08 23:22:12,root,112.85.42.87
2019-02-08 23:22:10,root,112.85.42.87
2019-02-08 23:21:15,root,112.85.42.87
2019-02-08 23:21:14,root,112.85.42.87
2019-02-08 23:21:11,root,112.85.42.87
2019-02-08 23:20:13,root,112.85.42.87
2019-02-08 23:20:11,root,112.85.42.87
2019-02-08 23:20:09,root,112.85.42.87
2019-02-08 23:19:21,root,112.85.42.87
2019-02-08 23:19:18,root,112.85.42.87
2019-02-08 23:19:16,root,112.85.42.87
2019-02-08 23:18:19,root,112.85.42.87
2019-02-08 23:18:17,root,112.85.42.87
2019-02-08 23:18:15,root,112.85.42.87
2019-02-08 23:17:25,root,112.85.42.87
2019-02-08 23:17:23,root,112.85.42.87
2019-02-08 23:17:21,root,112.85.42.87
2019-02-08 23:16:23,root,112.85.42.87
2019-02-08 23:16:21,root,112.85.42.87
2019-02-08 23:16:19,root,112.85.42.87
2019-02-08 23:15:27,root,112.85.42.87
2019-02-08 23:15:25,root,112.85.42.87
2019-02-08 23:15:23,root,112.85.42.87
2019-02-08 23:14:25,root,112.85.42.87
2019-02-08 23:14:23,root,112.85.42.87
2019-02-08 23:14:21,root,112.85.42.87
2019-02-08 23:13:32,root,112.85.42.87
2019-02-08 23:13:29,root,112.85.42.87
2019-02-08 23:13:27,root,112.85.42.87
2019-02-08 23:12:30,root,112.85.42.87
2019-02-08 23:12:28,root,112.85.42.87
2019-02-08 23:12:27,root,112.85.42.87
2019-02-08 23:11:35,root,112.85.42.87
2019-02-08 23:11:33,root,112.85.42.87
2019-02-08 23:11:31,root,112.85.42.87
2019-02-08 23:10:37,root,112.85.42.87
2019-02-08 23:10:34,root,112.85.42.87
2019-02-08 23:10:32,root,112.85.42.87
2019-02-08 23:09:32,root,112.85.42.87
2019-02-08 23:09:29,root,112.85.42.87
2019-02-08 23:09:26,root,112.85.42.87
2019-02-08 23:08:35,root,112.85.42.87
2019-02-08 23:08:33,root,112.85.42.87
2019-02-08 23:08:31,root,112.85.42.87
2019-02-08 23:07:40,root,112.85.42.87
2019-02-08 23:07:38,root,112.85.42.87
2019-02-08 23:07:35,root,112.85.42.87
2019-02-08 23:06:39,root,112.85.42.87
2019-02-08 23:06:37,root,112.85.42.87
2019-02-08 23:06:35,root,112.85.42.87
2019-02-08 23:05:40,root,112.85.42.87
2019-02-08 23:05:38,root,112.85.42.87
2019-02-08 23:05:37,root,112.85.42.87
2019-02-08 23:04:42,root,112.85.42.87
2019-02-08 23:04:40,root,112.85.42.87
2019-02-08 23:04:38,root,112.85.42.87
2019-02-08 23:03:46,root,112.85.42.87
2019-02-08 23:03:43,root,112.85.42.87
2019-02-08 23:03:41,root,112.85.42.87
2019-02-08 23:02:47,root,112.85.42.87
2019-02-08 23:02:45,root,112.85.42.87
2019-02-08 23:02:43,root,112.85.42.87
2019-02-08 23:01:47,root,112.85.42.87
2019-02-08 23:01:45,root,112.85.42.87
2019-02-08 23:01:42,root,112.85.42.87
2019-02-08 23:00:52,root,112.85.42.87
2019-02-08 23:00:50,root,112.85.42.87
2019-02-08 23:00:48,root,112.85.42.87
2019-02-08 22:59:54,root,112.85.42.87
2019-02-08 22:59:51,root,112.85.42.87
2019-02-08 22:59:49,root,112.85.42.87
2019-02-08 22:58:56,root,112.85.42.87
2019-02-08 22:58:53,root,112.85.42.87
2019-02-08 22:58:50,root,112.85.42.87
2019-02-08 22:57:58,root,112.85.42.87
2019-02-08 22:57:56,root,112.85.42.87
2019-02-08 22:57:53,root,112.85.42.87
2019-02-08 22:57:00,root,112.85.42.87
2019-02-08 22:56:58,root,112.85.42.87
2019-02-08 22:56:55,root,112.85.42.87
2019-02-08 22:55:59,root,112.85.42.87
2019-02-08 22:55:57,root,112.85.42.87
2019-02-08 22:55:55,root,112.85.42.87
2019-02-08 22:54:59,root,112.85.42.87
2019-02-08 22:54:57,root,112.85.42.87
2019-02-08 22:54:55,root,112.85.42.87
2019-02-08 22:54:05,root,112.85.42.87
2019-02-08 22:54:03,root,112.85.42.87
2019-02-08 22:54:01,root,112.85.42.87
2019-02-08 22:53:07,root,112.85.42.87
2019-02-08 22:53:05,root,112.85.42.87
2019-02-08 22:53:03,root,112.85.42.87
2019-02-08 22:52:09,root,112.85.42.87
2019-02-08 22:52:07,root,112.85.42.87
2019-02-08 22:52:04,root,112.85.42.87
2019-02-08 22:51:10,root,112.85.42.87
2019-02-08 22:51:08,root,112.85.42.87
2019-02-08 22:51:06,root,112.85.42.87
2019-02-08 22:50:06,root,112.85.42.87
2019-02-08 22:50:04,root,112.85.42.87
2019-02-08 22:50:02,root,112.85.42.87
2019-02-08 22:49:11,root,112.85.42.87
2019-02-08 22:49:08,root,112.85.42.87
2019-02-08 22:49:07,root,112.85.42.87
2019-02-08 22:48:14,root,112.85.42.87
2019-02-08 22:48:12,root,112.85.42.87
2019-02-08 22:48:11,root,112.85.42.87
2019-02-08 22:47:18,root,112.85.42.87
2019-02-08 22:47:16,root,112.85.42.87
2019-02-08 22:47:14,root,112.85.42.87
2019-02-08 22:46:19,root,112.85.42.87
2019-02-08 22:46:17,root,112.85.42.87
2019-02-08 22:46:15,root,112.85.42.87
2019-02-08 22:45:23,root,112.85.42.87
2019-02-08 22:45:21,root,112.85.42.87
2019-02-08 22:45:19,root,112.85.42.87
2019-02-08 22:44:25,root,112.85.42.87
2019-02-08 22:44:22,root,112.85.42.87
2019-02-08 22:44:20,root,112.85.42.87
2019-02-08 22:43:23,root,112.85.42.87
2019-02-08 22:43:21,root,112.85.42.87
2019-02-08 22:43:18,root,112.85.42.87
2019-02-08 22:42:28,root,112.85.42.87
2019-02-08 22:42:26,root,112.85.42.87
2019-02-08 22:42:24,root,112.85.42.87
2019-02-08 22:41:29,root,112.85.42.87
2019-02-08 22:41:27,root,112.85.42.87
2019-02-08 22:41:26,root,112.85.42.87
2019-02-08 22:40:31,root,112.85.42.87
2019-02-08 22:40:29,root,112.85.42.87
2019-02-08 22:40:27,root,112.85.42.87
2019-02-08 22:39:33,root,112.85.42.87
2019-02-08 22:39:31,root,112.85.42.87
2019-02-08 22:39:29,root,112.85.42.87
2019-02-08 22:38:30,root,112.85.42.87
2019-02-08 22:38:28,root,112.85.42.87
2019-02-08 22:38:26,root,112.85.42.87
2019-02-08 22:37:34,root,112.85.42.87
2019-02-08 22:37:32,root,112.85.42.87
2019-02-08 22:37:29,root,112.85.42.87
2019-02-08 22:36:36,root,112.85.42.87
2019-02-08 22:36:34,root,112.85.42.87
2019-02-08 22:36:32,root,112.85.42.87
2019-02-08 22:35:33,root,112.85.42.87
2019-02-08 22:35:31,root,112.85.42.87
2019-02-08 22:35:29,root,112.85.42.87
2019-02-08 22:34:41,root,112.85.42.87
2019-02-08 22:34:39,root,112.85.42.87
2019-02-08 22:34:37,root,112.85.42.87
2019-02-08 22:33:41,root,112.85.42.87
2019-02-08 22:33:38,root,112.85.42.87
2019-02-08 22:33:36,root,112.85.42.87
2019-02-08 22:32:43,root,112.85.42.87
2019-02-08 22:32:41,root,112.85.42.87
2019-02-08 22:32:39,root,112.85.42.87
2019-02-08 22:31:45,root,112.85.42.87
2019-02-08 22:31:43,root,112.85.42.87
2019-02-08 22:31:40,root,112.85.42.87
2019-02-08 22:30:45,root,112.85.42.87
2019-02-08 22:30:43,root,112.85.42.87
2019-02-08 22:30:41,root,112.85.42.87
2019-02-08 22:29:48,root,112.85.42.87
2019-02-08 22:29:46,root,112.85.42.87
2019-02-08 22:29:44,root,112.85.42.87
2019-02-08 22:28:46,root,112.85.42.87
2019-02-08 22:28:45,root,112.85.42.87
2019-02-08 22:28:42,root,112.85.42.87
2019-02-08 22:27:53,root,112.85.42.87
2019-02-08 22:27:50,root,112.85.42.87
2019-02-08 22:27:49,root,112.85.42.87
2019-02-08 22:26:53,root,112.85.42.87
2019-02-08 22:26:50,root,112.85.42.87
2019-02-08 22:26:48,root,112.85.42.87
2019-02-08 22:25:57,root,112.85.42.87
2019-02-08 22:25:54,root,112.85.42.87
2019-02-08 22:25:52,root,112.85.42.87
2019-02-08 22:24:51,root,112.85.42.87
2019-02-08 22:24:49,root,112.85.42.87
2019-02-08 22:24:46,root,112.85.42.87
2019-02-08 22:23:56,root,112.85.42.87
2019-02-08 22:23:54,root,112.85.42.87
2019-02-08 22:23:52,root,112.85.42.87
2019-02-08 22:22:57,root,112.85.42.87
2019-02-08 22:22:55,root,112.85.42.87
2019-02-08 22:22:53,root,112.85.42.87
2019-02-08 22:21:56,root,112.85.42.87
2019-02-08 22:21:55,root,112.85.42.87
2019-02-08 22:21:53,root,112.85.42.87
2019-02-08 22:21:00,root,112.85.42.87
2019-02-08 22:20:58,root,112.85.42.87
2019-02-08 22:20:56,root,112.85.42.87
2019-02-08 22:20:05,root,112.85.42.87
2019-02-08 22:20:02,root,112.85.42.87
2019-02-08 22:20:01,root,112.85.42.87
2019-02-08 22:19:08,root,112.85.42.87
2019-02-08 22:19:05,root,112.85.42.87
2019-02-08 22:19:03,root,112.85.42.87
2019-02-08 22:18:08,root,112.85.42.87
2019-02-08 22:18:05,root,112.85.42.87
2019-02-08 22:18:03,root,112.85.42.87
2019-02-08 22:17:09,root,112.85.42.87
2019-02-08 22:17:07,root,112.85.42.87
2019-02-08 22:17:05,root,112.85.42.87
2019-02-08 22:16:07,root,112.85.42.87
2019-02-08 22:16:05,root,112.85.42.87
2019-02-08 22:16:03,root,112.85.42.87
2019-02-08 22:15:16,root,112.85.42.87
2019-02-08 22:15:14,root,112.85.42.87
2019-02-08 22:15:12,root,112.85.42.87
2019-02-08 22:14:18,root,112.85.42.87
2019-02-08 22:14:16,root,112.85.42.87
2019-02-08 22:14:13,root,112.85.42.87
2019-02-08 22:13:12,root,112.85.42.87
2019-02-08 22:13:10,root,112.85.42.87
2019-02-08 22:13:08,root,112.85.42.87
2019-02-08 22:12:17,root,112.85.42.87
2019-02-08 22:12:14,root,112.85.42.87
2019-02-08 22:12:12,root,112.85.42.87
2019-02-08 22:11:15,root,112.85.42.87
2019-02-08 22:11:13,root,112.85.42.87
2019-02-08 22:11:11,root,112.85.42.87
2019-02-08 22:10:19,root,112.85.42.87
2019-02-08 22:10:18,root,112.85.42.87
2019-02-08 22:10:16,root,112.85.42.87
2019-02-08 22:09:22,root,112.85.42.87
2019-02-08 22:09:20,root,112.85.42.87
2019-02-08 22:09:18,root,112.85.42.87
2019-02-08 22:08:27,root,112.85.42.87
2019-02-08 22:08:24,root,112.85.42.87
2019-02-08 22:08:22,root,112.85.42.87
2019-02-08 22:07:27,root,112.85.42.87
2019-02-08 22:07:25,root,112.85.42.87
2019-02-08 22:07:22,root,112.85.42.87
2019-02-08 22:06:29,root,112.85.42.87
2019-02-08 22:06:27,root,112.85.42.87
2019-02-08 22:06:24,root,112.85.42.87
2019-02-08 22:05:27,root,112.85.42.87
2019-02-08 22:05:25,root,112.85.42.87
2019-02-08 22:05:23,root,112.85.42.87
2019-02-08 22:04:29,root,112.85.42.87
2019-02-08 22:04:27,root,112.85.42.87
2019-02-08 22:04:25,root,112.85.42.87
2019-02-08 22:02:34,root,112.85.42.87
2019-02-08 22:02:31,root,112.85.42.87
2019-02-08 22:02:29,root,112.85.42.87
2019-02-08 22:01:38,root,112.85.42.87
2019-02-08 22:01:36,root,112.85.42.87
2019-02-08 22:01:33,root,112.85.42.87
2019-02-08 22:00:36,root,112.85.42.87
2019-02-08 22:00:33,root,112.85.42.87
2019-02-08 22:00:31,root,112.85.42.87
2019-02-08 21:59:39,root,112.85.42.87
2019-02-08 21:59:37,root,112.85.42.87
2019-02-08 21:59:35,root,112.85.42.87
2019-02-08 21:59:00,temp,139.59.85.89
2019-02-08 21:58:58,temp,139.59.85.89
2019-02-08 21:58:40,root,112.85.42.87
2019-02-08 21:58:37,root,112.85.42.87
2019-02-08 21:58:35,root,112.85.42.87
2019-02-08 21:57:41,root,112.85.42.87
2019-02-08 21:57:38,root,112.85.42.87
2019-02-08 21:57:37,root,112.85.42.87
2019-02-08 21:56:44,root,112.85.42.87
2019-02-08 21:56:43,root,112.85.42.87
2019-02-08 21:56:40,root,112.85.42.87
2019-02-08 21:55:47,root,112.85.42.87
2019-02-08 21:55:45,root,112.85.42.87
2019-02-08 21:55:43,root,112.85.42.87
2019-02-08 21:54:50,root,112.85.42.87
2019-02-08 21:54:47,root,112.85.42.87
2019-02-08 21:54:45,root,112.85.42.87
2019-02-08 21:52:51,root,112.85.42.87
2019-02-08 21:52:48,root,112.85.42.87
2019-02-08 21:52:46,root,112.85.42.87
2019-02-08 21:51:49,root,112.85.42.87
2019-02-08 21:51:47,root,112.85.42.87
2019-02-08 21:51:45,root,112.85.42.87
2019-02-08 21:50:53,root,112.85.42.87
2019-02-08 21:50:51,root,112.85.42.87
2019-02-08 21:50:48,root,112.85.42.87
2019-02-08 21:49:55,root,112.85.42.87
2019-02-08 21:49:53,root,112.85.42.87
2019-02-08 21:49:51,root,112.85.42.87
2019-02-08 21:48:57,root,112.85.42.87
2019-02-08 21:48:55,root,112.85.42.87
2019-02-08 21:48:52,root,112.85.42.87
2019-02-08 21:48:00,root,112.85.42.87
2019-02-08 21:47:57,root,112.85.42.87
2019-02-08 21:47:55,root,112.85.42.87
2019-02-08 21:46:56,root,112.85.42.87
2019-02-08 21:46:54,root,112.85.42.87
2019-02-08 21:46:52,root,112.85.42.87
2019-02-08 21:45:55,root,112.85.42.87
2019-02-08 21:45:53,root,112.85.42.87
2019-02-08 21:45:51,root,112.85.42.87
2019-02-08 21:44:56,root,112.85.42.87
2019-02-08 21:44:54,root,112.85.42.87
2019-02-08 21:44:52,root,112.85.42.87
2019-02-08 21:44:02,root,112.85.42.87
2019-02-08 21:44:01,root,112.85.42.87
2019-02-08 21:43:58,root,112.85.42.87
2019-02-08 21:43:05,root,112.85.42.87
2019-02-08 21:43:02,root,112.85.42.87
2019-02-08 21:43:00,root,112.85.42.87
2019-02-08 21:42:09,root,112.85.42.87
2019-02-08 21:42:07,root,112.85.42.87
2019-02-08 21:42:03,root,112.85.42.87
2019-02-08 21:41:06,root,112.85.42.87
2019-02-08 21:41:03,root,112.85.42.87
2019-02-08 21:41:01,root,112.85.42.87
2019-02-08 21:40:10,root,112.85.42.87
2019-02-08 21:40:07,root,112.85.42.87
2019-02-08 21:40:05,root,112.85.42.87
2019-02-08 21:39:06,root,112.85.42.87
2019-02-08 21:39:04,root,112.85.42.87
2019-02-08 21:39:02,root,112.85.42.87
2019-02-08 21:38:13,root,112.85.42.87
2019-02-08 21:38:10,root,112.85.42.87
2019-02-08 21:38:08,root,112.85.42.87
2019-02-08 21:37:15,root,112.85.42.87
2019-02-08 21:37:13,root,112.85.42.87
2019-02-08 21:37:10,root,112.85.42.87
2019-02-08 21:36:12,root,112.85.42.87
2019-02-08 21:36:10,root,112.85.42.87
2019-02-08 21:36:08,root,112.85.42.87
2019-02-08 21:35:23,root,112.85.42.87
2019-02-08 21:35:21,root,112.85.42.87
2019-02-08 21:35:19,root,112.85.42.87
2019-02-08 21:34:18,root,112.85.42.87
2019-02-08 21:34:16,root,112.85.42.87
2019-02-08 21:34:13,root,112.85.42.87
2019-02-08 21:33:16,root,112.85.42.87
2019-02-08 21:33:14,root,112.85.42.87
2019-02-08 21:33:11,root,112.85.42.87
2019-02-08 21:32:19,root,112.85.42.87
2019-02-08 21:32:17,root,112.85.42.87
2019-02-08 21:32:15,root,112.85.42.87
2019-02-08 21:31:18,root,112.85.42.87
2019-02-08 21:31:14,root,112.85.42.87
2019-02-08 21:31:13,root,112.85.42.87
2019-02-08 21:30:24,root,112.85.42.87
2019-02-08 21:30:21,root,112.85.42.87
2019-02-08 21:30:19,root,112.85.42.87
2019-02-08 21:29:20,root,112.85.42.87
2019-02-08 21:29:19,root,112.85.42.87
2019-02-08 21:29:17,root,112.85.42.87
2019-02-08 21:28:22,root,112.85.42.87
2019-02-08 21:28:20,root,112.85.42.87
2019-02-08 21:28:18,root,112.85.42.87
2019-02-08 21:27:27,root,112.85.42.87
2019-02-08 21:27:25,root,112.85.42.87
2019-02-08 21:27:23,root,112.85.42.87
2019-02-08 21:26:28,root,112.85.42.87
2019-02-08 21:26:26,root,112.85.42.87
2019-02-08 21:26:24,root,112.85.42.87
2019-02-08 21:25:24,root,112.85.42.87
2019-02-08 21:25:23,root,112.85.42.87
2019-02-08 21:25:21,root,112.85.42.87
2019-02-08 21:24:35,root,112.85.42.87
2019-02-08 21:24:33,root,112.85.42.87
2019-02-08 21:24:30,root,112.85.42.87
2019-02-08 21:23:34,root,112.85.42.87
2019-02-08 21:23:31,root,112.85.42.87
2019-02-08 21:23:29,root,112.85.42.87
2019-02-08 21:22:37,root,112.85.42.87
2019-02-08 21:22:35,root,112.85.42.87
2019-02-08 21:22:32,root,112.85.42.87
2019-02-08 21:21:58,ftp,ec2-35-157-209-5
2019-02-08 21:21:56,ftp,ec2-35-157-209-5
2019-02-08 21:21:34,root,112.85.42.87
2019-02-08 21:21:32,root,112.85.42.87
2019-02-08 21:21:30,root,112.85.42.87
2019-02-08 21:20:35,root,112.85.42.87
2019-02-08 21:20:33,root,112.85.42.87
2019-02-08 21:20:31,root,112.85.42.87
2019-02-08 21:19:33,root,112.85.42.87
2019-02-08 21:19:31,root,112.85.42.87
2019-02-08 21:19:30,root,112.85.42.87
2019-02-08 21:18:40,root,112.85.42.87
2019-02-08 21:18:38,root,112.85.42.87
2019-02-08 21:18:35,root,112.85.42.87
2019-02-08 21:17:44,root,112.85.42.87
2019-02-08 21:17:42,root,112.85.42.87
2019-02-08 21:17:40,root,112.85.42.87
2019-02-08 21:16:39,root,112.85.42.87
2019-02-08 21:16:38,ftpuser,51.15.213.229
2019-02-08 21:16:38,root,112.85.42.87
2019-02-08 21:16:36,root,112.85.42.87
2019-02-08 21:16:35,ftpuser,51.15.213.229
2019-02-08 21:15:44,root,112.85.42.87
2019-02-08 21:15:41,root,112.85.42.87
2019-02-08 21:15:39,root,112.85.42.87
2019-02-08 21:14:41,root,112.85.42.87
2019-02-08 21:14:38,root,112.85.42.87
2019-02-08 21:14:36,root,112.85.42.87
2019-02-08 21:13:45,root,112.85.42.87
2019-02-08 21:13:43,root,112.85.42.87
2019-02-08 21:13:41,root,112.85.42.87
2019-02-08 21:12:45,root,112.85.42.87
2019-02-08 21:12:43,root,112.85.42.87
2019-02-08 21:12:41,root,112.85.42.87
2019-02-08 21:11:50,root,112.85.42.87
2019-02-08 21:11:48,root,112.85.42.87
2019-02-08 21:11:46,root,112.85.42.87
2019-02-08 21:10:53,root,112.85.42.87
2019-02-08 21:10:51,root,112.85.42.87
2019-02-08 21:10:48,root,112.85.42.87
2019-02-08 21:09:53,root,112.85.42.87
2019-02-08 21:09:51,root,112.85.42.87
2019-02-08 21:09:49,root,112.85.42.87
2019-02-08 21:08:53,root,112.85.42.87
2019-02-08 21:08:51,root,112.85.42.87
2019-02-08 21:08:48,root,112.85.42.87
2019-02-08 21:07:51,root,112.85.42.87
2019-02-08 21:07:48,root,112.85.42.87
2019-02-08 21:07:46,root,112.85.42.87
2019-02-08 21:06:53,root,112.85.42.87
2019-02-08 21:06:51,root,112.85.42.87
2019-02-08 21:06:50,root,112.85.42.87
2019-02-08 21:05:56,root,112.85.42.87
2019-02-08 21:05:54,root,112.85.42.87
2019-02-08 21:05:52,root,112.85.42.87
2019-02-08 21:04:59,root,112.85.42.87
2019-02-08 21:04:57,root,112.85.42.87
2019-02-08 21:04:55,root,112.85.42.87
2019-02-08 21:04:02,root,112.85.42.87
2019-02-08 21:04:00,root,112.85.42.87
2019-02-08 21:03:58,root,112.85.42.87
2019-02-08 21:03:01,root,112.85.42.87
2019-02-08 21:02:58,root,112.85.42.87
2019-02-08 21:02:56,root,112.85.42.87
2019-02-08 21:02:03,root,112.85.42.87
2019-02-08 21:02:01,root,112.85.42.87
2019-02-08 21:01:58,root,112.85.42.87
2019-02-08 21:01:04,root,112.85.42.87
2019-02-08 21:01:02,root,112.85.42.87
2019-02-08 21:00:59,root,112.85.42.87
2019-02-08 21:00:05,root,112.85.42.87
2019-02-08 21:00:03,root,112.85.42.87
2019-02-08 21:00:02,root,112.85.42.87
2019-02-08 20:59:06,root,112.85.42.87
2019-02-08 20:59:04,root,112.85.42.87
2019-02-08 20:59:01,root,112.85.42.87
2019-02-08 20:58:11,root,112.85.42.87
2019-02-08 20:58:09,root,112.85.42.87
2019-02-08 20:58:07,root,112.85.42.87
2019-02-08 20:57:12,root,112.85.42.87
2019-02-08 20:57:09,root,112.85.42.87
2019-02-08 20:57:08,root,112.85.42.87
2019-02-08 20:56:12,root,112.85.42.87
2019-02-08 20:56:09,root,112.85.42.87
2019-02-08 20:56:07,root,112.85.42.87
2019-02-08 20:55:12,root,112.85.42.87
2019-02-08 20:55:10,root,112.85.42.87
2019-02-08 20:55:08,root,112.85.42.87
2019-02-08 20:54:14,root,112.85.42.87
2019-02-08 20:54:12,root,112.85.42.87
2019-02-08 20:54:09,root,112.85.42.87
2019-02-08 20:53:12,root,112.85.42.87
2019-02-08 20:53:10,root,112.85.42.87
2019-02-08 20:53:08,root,112.85.42.87
2019-02-08 20:52:14,root,112.85.42.87
2019-02-08 20:52:12,root,112.85.42.87
2019-02-08 20:52:10,root,112.85.42.87
2019-02-08 20:51:21,root,112.85.42.87
2019-02-08 20:51:18,root,112.85.42.87
2019-02-08 20:51:17,root,112.85.42.87
2019-02-08 20:50:22,root,112.85.42.87
2019-02-08 20:50:20,root,112.85.42.87
2019-02-08 20:50:18,root,112.85.42.87
2019-02-08 20:49:23,root,112.85.42.87
2019-02-08 20:49:21,root,112.85.42.87
2019-02-08 20:49:19,root,112.85.42.87
2019-02-08 20:48:25,root,112.85.42.87
2019-02-08 20:48:23,root,112.85.42.87
2019-02-08 20:48:21,root,112.85.42.87
2019-02-08 20:47:28,root,112.85.42.87
2019-02-08 20:47:26,root,112.85.42.87
2019-02-08 20:47:24,root,112.85.42.87
2019-02-08 20:46:31,root,112.85.42.87
2019-02-08 20:46:29,root,112.85.42.87
2019-02-08 20:46:26,root,112.85.42.87
2019-02-08 20:45:33,root,112.85.42.87
2019-02-08 20:45:30,root,112.85.42.87
2019-02-08 20:45:27,root,112.85.42.87
2019-02-08 20:44:32,root,112.85.42.87
2019-02-08 20:44:30,root,112.85.42.87
2019-02-08 20:44:27,root,112.85.42.87
2019-02-08 20:43:33,root,112.85.42.87
2019-02-08 20:43:31,root,112.85.42.87
2019-02-08 20:43:28,root,112.85.42.87
2019-02-08 20:42:29,root,112.85.42.87
2019-02-08 20:42:27,root,112.85.42.87
2019-02-08 20:42:24,root,112.85.42.87
2019-02-08 20:41:33,root,112.85.42.87
2019-02-08 20:41:31,root,112.85.42.87
2019-02-08 20:41:29,root,112.85.42.87
2019-02-08 20:40:33,root,112.85.42.87
2019-02-08 20:40:31,root,112.85.42.87
2019-02-08 20:40:29,root,112.85.42.87
2019-02-08 20:38:39,root,112.85.42.87
2019-02-08 20:38:37,root,112.85.42.87
2019-02-08 20:38:35,root,112.85.42.87
2019-02-08 20:37:36,root,112.85.42.87
2019-02-08 20:37:34,root,112.85.42.87
2019-02-08 20:37:32,root,112.85.42.87
2019-02-08 20:36:40,root,112.85.42.87
2019-02-08 20:36:38,root,112.85.42.87
2019-02-08 20:36:36,root,112.85.42.87
2019-02-08 20:35:42,root,112.85.42.87
2019-02-08 20:35:39,root,112.85.42.87
2019-02-08 20:35:37,root,112.85.42.87
2019-02-08 20:34:43,root,112.85.42.87
2019-02-08 20:34:41,root,112.85.42.87
2019-02-08 20:34:39,root,112.85.42.87
2019-02-08 20:33:42,root,112.85.42.87
2019-02-08 20:33:40,root,112.85.42.87
2019-02-08 20:33:38,root,112.85.42.87
2019-02-08 20:32:45,root,112.85.42.87
2019-02-08 20:32:44,root,112.85.42.87
2019-02-08 20:32:42,root,112.85.42.87
2019-02-08 20:31:48,root,112.85.42.87
2019-02-08 20:31:45,root,112.85.42.87
2019-02-08 20:31:43,root,112.85.42.87
2019-02-08 20:30:46,root,112.85.42.87
2019-02-08 20:30:44,root,112.85.42.87
2019-02-08 20:30:41,root,112.85.42.87
2019-02-08 20:29:46,root,112.85.42.87
2019-02-08 20:29:44,root,112.85.42.87
2019-02-08 20:29:42,root,112.85.42.87
2019-02-08 20:28:43,root,112.85.42.87
2019-02-08 20:28:40,root,112.85.42.87
2019-02-08 20:28:38,root,112.85.42.87
2019-02-08 20:27:47,root,112.85.42.87
2019-02-08 20:27:45,root,112.85.42.87
2019-02-08 20:27:43,root,112.85.42.87
2019-02-08 20:26:44,root,112.85.42.87
2019-02-08 20:26:43,root,112.85.42.87
2019-02-08 20:26:41,root,112.85.42.87
2019-02-08 20:25:50,root,112.85.42.87
2019-02-08 20:25:48,root,112.85.42.87
2019-02-08 20:25:46,root,112.85.42.87
2019-02-08 20:24:50,root,112.85.42.87
2019-02-08 20:24:48,root,112.85.42.87
2019-02-08 20:24:46,root,112.85.42.87
2019-02-08 20:23:50,root,112.85.42.87
2019-02-08 20:23:48,root,112.85.42.87
2019-02-08 20:23:46,root,112.85.42.87
2019-02-08 20:22:46,root,112.85.42.87
2019-02-08 20:22:44,root,112.85.42.87
2019-02-08 20:22:42,root,112.85.42.87
2019-02-08 20:21:53,root,112.85.42.87
2019-02-08 20:21:51,root,112.85.42.87
2019-02-08 20:21:49,root,112.85.42.87
2019-02-08 20:20:55,root,112.85.42.87
2019-02-08 20:20:53,root,112.85.42.87
2019-02-08 20:20:51,root,112.85.42.87
2019-02-08 20:19:57,root,112.85.42.87
2019-02-08 20:19:55,root,112.85.42.87
2019-02-08 20:19:53,root,112.85.42.87
2019-02-08 20:18:57,root,112.85.42.87
2019-02-08 20:18:55,root,112.85.42.87
2019-02-08 20:18:52,root,112.85.42.87
2019-02-08 20:17:56,root,112.85.42.87
2019-02-08 20:17:54,root,112.85.42.87
2019-02-08 20:17:52,root,112.85.42.87
2019-02-08 20:16:56,root,112.85.42.87
2019-02-08 20:16:55,root,112.85.42.87
2019-02-08 20:16:52,root,112.85.42.87
2019-02-08 20:15:54,root,112.85.42.87
2019-02-08 20:15:52,root,112.85.42.87
2019-02-08 20:15:50,root,112.85.42.87
2019-02-08 20:14:59,root,112.85.42.87
2019-02-08 20:14:56,root,112.85.42.87
2019-02-08 20:14:55,root,112.85.42.87
2019-02-08 20:14:00,root,112.85.42.87
2019-02-08 20:13:58,root,112.85.42.87
2019-02-08 20:13:56,root,112.85.42.87
2019-02-08 20:13:53,admin,103.129.109.103
2019-02-08 20:13:51,admin,103.129.109.103
2019-02-08 20:12:54,root,112.85.42.87
2019-02-08 20:12:52,root,112.85.42.87
2019-02-08 20:12:50,root,112.85.42.87
2019-02-08 20:12:00,root,112.85.42.87
2019-02-08 20:11:58,root,112.85.42.87
2019-02-08 20:11:56,root,112.85.42.87
2019-02-08 20:11:00,root,112.85.42.87
2019-02-08 20:10:58,root,112.85.42.87
2019-02-08 20:10:56,root,112.85.42.87
2019-02-08 20:09:55,root,112.85.42.87
2019-02-08 20:09:53,root,112.85.42.87
2019-02-08 20:09:51,root,112.85.42.87
2019-02-08 20:08:59,root,112.85.42.87
2019-02-08 20:08:57,root,112.85.42.87
2019-02-08 20:08:55,root,112.85.42.87
2019-02-08 20:08:04,root,112.85.42.87
2019-02-08 20:08:02,root,112.85.42.87
2019-02-08 20:08:00,root,112.85.42.87
2019-02-08 20:07:02,root,112.85.42.87
2019-02-08 20:07:00,root,112.85.42.87
2019-02-08 20:06:58,root,112.85.42.87
2019-02-08 20:06:07,root,112.85.42.87
2019-02-08 20:06:04,root,112.85.42.87
2019-02-08 20:06:02,root,112.85.42.87
2019-02-08 20:04:59,root,112.85.42.87
2019-02-08 20:04:56,root,112.85.42.87
2019-02-08 20:04:54,root,112.85.42.87
2019-02-08 20:04:03,root,112.85.42.87
2019-02-08 20:04:00,root,112.85.42.87
2019-02-08 20:03:59,root,112.85.42.87
2019-02-08 20:02:59,root,112.85.42.87
2019-02-08 20:02:57,root,112.85.42.87
2019-02-08 20:02:55,root,112.85.42.87
2019-02-08 20:02:05,root,112.85.42.87
2019-02-08 20:02:03,root,112.85.42.87
2019-02-08 20:02:00,root,112.85.42.87
2019-02-08 20:00:59,root,112.85.42.87
2019-02-08 20:00:57,root,112.85.42.87
2019-02-08 20:00:55,root,112.85.42.87
2019-02-08 20:00:03,root,112.85.42.87
2019-02-08 20:00:01,root,112.85.42.87
2019-02-08 20:00:00,root,112.85.42.87
2019-02-08 19:59:07,root,112.85.42.87
2019-02-08 19:59:05,root,112.85.42.87
2019-02-08 19:59:02,root,112.85.42.87
2019-02-08 19:58:06,root,112.85.42.87
2019-02-08 19:58:04,root,112.85.42.87
2019-02-08 19:58:02,root,112.85.42.87
2019-02-08 19:57:06,root,112.85.42.87
2019-02-08 19:57:04,root,112.85.42.87
2019-02-08 19:57:02,root,112.85.42.87
2019-02-08 19:56:06,root,112.85.42.87
2019-02-08 19:56:04,root,112.85.42.87
2019-02-08 19:56:02,root,112.85.42.87
2019-02-08 19:55:12,root,112.85.42.87
2019-02-08 19:55:09,root,112.85.42.87
2019-02-08 19:55:07,root,112.85.42.87
2019-02-08 19:54:09,root,112.85.42.87
2019-02-08 19:54:07,root,112.85.42.87
2019-02-08 19:54:05,root,112.85.42.87
2019-02-08 19:53:08,root,112.85.42.87
2019-02-08 19:53:06,root,112.85.42.87
2019-02-08 19:53:03,root,112.85.42.87
2019-02-08 19:52:10,root,112.85.42.87
2019-02-08 19:52:07,root,112.85.42.87
2019-02-08 19:52:05,root,112.85.42.87
2019-02-08 19:51:10,root,112.85.42.87
2019-02-08 19:51:08,root,112.85.42.87
2019-02-08 19:51:06,root,112.85.42.87
2019-02-08 19:50:05,root,112.85.42.87
2019-02-08 19:50:03,root,112.85.42.87
2019-02-08 19:50:01,root,112.85.42.87
2019-02-08 19:49:11,root,112.85.42.87
2019-02-08 19:49:08,root,112.85.42.87
2019-02-08 19:49:06,root,112.85.42.87
2019-02-08 19:48:05,root,112.85.42.87
2019-02-08 19:48:03,root,112.85.42.87
2019-02-08 19:48:02,root,112.85.42.87
2019-02-08 19:47:09,root,112.85.42.87
2019-02-08 19:47:08,root,112.85.42.87
2019-02-08 19:47:06,root,112.85.42.87
2019-02-08 19:46:11,root,112.85.42.87
2019-02-08 19:46:09,root,112.85.42.87
2019-02-08 19:46:07,root,112.85.42.87
2019-02-08 19:45:10,root,112.85.42.87
2019-02-08 19:45:08,root,112.85.42.87
2019-02-08 19:45:06,root,112.85.42.87
2019-02-08 19:43:14,root,112.85.42.87
2019-02-08 19:43:13,root,112.85.42.87
2019-02-08 19:43:11,root,112.85.42.87
2019-02-08 19:42:15,root,112.85.42.87
2019-02-08 19:42:12,root,112.85.42.87
2019-02-08 19:42:10,root,112.85.42.87
2019-02-08 19:41:14,root,112.85.42.87
2019-02-08 19:41:12,root,112.85.42.87
2019-02-08 19:41:09,root,112.85.42.87
2019-02-08 19:40:13,root,112.85.42.87
2019-02-08 19:40:11,root,112.85.42.87
2019-02-08 19:40:09,root,112.85.42.87
2019-02-08 19:39:12,root,112.85.42.87
2019-02-08 19:39:10,root,112.85.42.87
2019-02-08 19:39:07,root,112.85.42.87
2019-02-08 19:38:12,root,112.85.42.87
2019-02-08 19:38:10,root,112.85.42.87
2019-02-08 19:38:07,root,112.85.42.87
2019-02-08 19:37:09,root,112.85.42.87
2019-02-08 19:37:07,root,112.85.42.87
2019-02-08 19:37:05,root,112.85.42.87
2019-02-08 19:36:11,root,112.85.42.87
2019-02-08 19:36:09,root,112.85.42.87
2019-02-08 19:36:07,root,112.85.42.87
2019-02-08 19:35:10,root,112.85.42.87
2019-02-08 19:35:08,root,112.85.42.87
2019-02-08 19:35:05,root,112.85.42.87
2019-02-08 19:34:14,root,112.85.42.87
2019-02-08 19:34:11,root,112.85.42.87
2019-02-08 19:34:08,root,112.85.42.87
2019-02-08 19:33:09,root,112.85.42.87
2019-02-08 19:33:07,root,112.85.42.87
2019-02-08 19:33:04,root,112.85.42.87
2019-02-08 19:32:09,root,112.85.42.87
2019-02-08 19:32:07,root,112.85.42.87
2019-02-08 19:32:05,root,112.85.42.87
2019-02-08 19:31:14,root,112.85.42.87
2019-02-08 19:31:12,root,112.85.42.87
2019-02-08 19:31:10,root,112.85.42.87
2019-02-08 19:30:14,root,112.85.42.87
2019-02-08 19:30:12,root,112.85.42.87
2019-02-08 19:30:09,root,112.85.42.87
2019-02-08 19:29:17,root,112.85.42.87
2019-02-08 19:29:14,root,112.85.42.87
2019-02-08 19:29:12,root,112.85.42.87
2019-02-08 19:28:17,root,112.85.42.87
2019-02-08 19:28:14,root,112.85.42.87
2019-02-08 19:28:12,root,112.85.42.87
2019-02-08 19:27:15,root,112.85.42.87
2019-02-08 19:27:13,root,112.85.42.87
2019-02-08 19:27:09,root,112.85.42.87
2019-02-08 19:26:14,root,112.85.42.87
2019-02-08 19:26:12,root,112.85.42.87
2019-02-08 19:26:09,root,112.85.42.87
2019-02-08 19:24:57,root,110.79.18.2
2019-02-08 19:24:08,root,112.85.42.87
2019-02-08 19:24:06,root,112.85.42.87
2019-02-08 19:24:04,root,112.85.42.87
2019-02-08 19:23:15,root,112.85.42.87
2019-02-08 19:23:13,root,112.85.42.87
2019-02-08 19:23:10,root,112.85.42.87
2019-02-08 19:22:14,root,112.85.42.87
2019-02-08 19:22:12,root,112.85.42.87
2019-02-08 19:22:09,root,112.85.42.87
2019-02-08 19:21:12,root,112.85.42.87
2019-02-08 19:21:11,root,112.85.42.87
2019-02-08 19:21:08,root,112.85.42.87
2019-02-08 19:20:09,root,112.85.42.87
2019-02-08 19:20:06,root,112.85.42.87
2019-02-08 19:20:05,root,112.85.42.87
2019-02-08 19:19:11,root,112.85.42.87
2019-02-08 19:19:09,root,112.85.42.87
2019-02-08 19:19:08,root,112.85.42.87
2019-02-08 19:17:16,root,112.85.42.87
2019-02-08 19:17:14,root,112.85.42.87
2019-02-08 19:17:12,root,112.85.42.87
2019-02-08 19:16:16,root,112.85.42.87
2019-02-08 19:16:14,root,112.85.42.87
2019-02-08 19:16:12,root,112.85.42.87
2019-02-08 19:15:44,applmgr,150.109.52.125
2019-02-08 19:15:42,applmgr,150.109.52.125
2019-02-08 19:15:15,root,112.85.42.87
2019-02-08 19:15:12,root,112.85.42.87
2019-02-08 19:15:10,root,112.85.42.87
2019-02-08 19:14:14,root,112.85.42.87
2019-02-08 19:14:12,root,112.85.42.87
2019-02-08 19:14:10,root,112.85.42.87
2019-02-08 19:13:12,root,112.85.42.87
2019-02-08 19:13:10,root,112.85.42.87
2019-02-08 19:13:08,root,112.85.42.87
2019-02-08 19:12:11,root,112.85.42.87
2019-02-08 19:12:09,root,112.85.42.87
2019-02-08 19:12:07,root,112.85.42.87
2019-02-08 19:11:11,root,112.85.42.87
2019-02-08 19:11:10,root,112.85.42.87
2019-02-08 19:11:08,root,112.85.42.87
2019-02-08 19:10:12,root,112.85.42.87
2019-02-08 19:10:09,root,112.85.42.87
2019-02-08 19:10:07,root,112.85.42.87
2019-02-08 19:09:09,root,112.85.42.87
2019-02-08 19:09:07,root,112.85.42.87
2019-02-08 19:09:05,root,112.85.42.87
2019-02-08 19:08:09,root,112.85.42.87
2019-02-08 19:08:07,root,112.85.42.87
2019-02-08 19:08:05,root,112.85.42.87
2019-02-08 19:07:09,root,112.85.42.87
2019-02-08 19:07:07,root,112.85.42.87
2019-02-08 19:07:04,root,112.85.42.87
2019-02-08 19:06:03,root,112.85.42.87
2019-02-08 19:06:01,root,112.85.42.87
2019-02-08 19:05:59,root,112.85.42.87
2019-02-08 19:05:08,root,112.85.42.87
2019-02-08 19:05:06,root,112.85.42.87
2019-02-08 19:05:04,root,112.85.42.87
2019-02-08 19:04:08,root,112.85.42.87
2019-02-08 19:04:05,root,112.85.42.87
2019-02-08 19:04:03,root,112.85.42.87
2019-02-08 19:03:05,root,112.85.42.87
2019-02-08 19:03:03,root,112.85.42.87
2019-02-08 19:03:01,root,112.85.42.87
2019-02-08 19:02:06,root,112.85.42.87
2019-02-08 19:02:04,root,112.85.42.87
2019-02-08 19:02:02,root,112.85.42.87
2019-02-08 19:01:04,root,112.85.42.87
2019-02-08 19:01:02,root,112.85.42.87
2019-02-08 19:01:00,root,112.85.42.87
2019-02-08 19:00:03,root,112.85.42.87
2019-02-08 19:00:01,root,112.85.42.87
2019-02-08 18:59:59,root,112.85.42.87
2019-02-08 18:59:04,root,112.85.42.87
2019-02-08 18:59:02,root,112.85.42.87
2019-02-08 18:59:00,root,112.85.42.87
2019-02-08 18:57:59,root,112.85.42.87
2019-02-08 18:57:57,root,112.85.42.87
2019-02-08 18:57:55,root,112.85.42.87
2019-02-08 18:57:01,root,112.85.42.87
2019-02-08 18:56:59,root,112.85.42.87
2019-02-08 18:56:57,root,112.85.42.87
2019-02-08 18:56:04,root,112.85.42.87
2019-02-08 18:56:01,root,112.85.42.87
2019-02-08 18:55:58,root,112.85.42.87
2019-02-08 18:55:03,root,112.85.42.87
2019-02-08 18:55:01,root,112.85.42.87
2019-02-08 18:54:58,root,112.85.42.87
2019-02-08 18:54:03,root,112.85.42.87
2019-02-08 18:54:01,root,112.85.42.87
2019-02-08 18:53:58,root,112.85.42.87
2019-02-08 18:53:00,root,112.85.42.87
2019-02-08 18:52:58,root,112.85.42.87
2019-02-08 18:52:56,root,112.85.42.87
2019-02-08 18:52:01,root,112.85.42.87
2019-02-08 18:51:59,root,112.85.42.87
2019-02-08 18:51:56,root,112.85.42.87
2019-02-08 18:51:06,root,112.85.42.87
2019-02-08 18:51:04,root,112.85.42.87
2019-02-08 18:51:02,root,112.85.42.87
2019-02-08 18:50:07,root,112.85.42.87
2019-02-08 18:50:04,root,112.85.42.87
2019-02-08 18:50:02,root,112.85.42.87
2019-02-08 18:49:00,root,112.85.42.87
2019-02-08 18:48:57,root,112.85.42.87
2019-02-08 18:48:55,root,112.85.42.87
2019-02-08 18:47:55,root,112.85.42.87
2019-02-08 18:47:53,root,112.85.42.87
2019-02-08 18:47:51,root,112.85.42.87
2019-02-08 18:46:59,root,112.85.42.87
2019-02-08 18:46:57,root,112.85.42.87
2019-02-08 18:46:55,root,112.85.42.87
2019-02-08 18:45:54,root,112.85.42.87
2019-02-08 18:45:53,root,112.85.42.87
2019-02-08 18:45:51,root,112.85.42.87
2019-02-08 18:45:00,root,112.85.42.87
2019-02-08 18:44:59,root,112.85.42.87
2019-02-08 18:44:56,root,112.85.42.87
2019-02-08 18:43:57,root,112.85.42.87
2019-02-08 18:43:56,root,112.85.42.87
2019-02-08 18:43:54,root,112.85.42.87
2019-02-08 18:42:56,root,112.85.42.87
2019-02-08 18:42:54,root,112.85.42.87
2019-02-08 18:42:51,root,112.85.42.87
2019-02-08 18:41:57,root,112.85.42.87
2019-02-08 18:41:55,root,112.85.42.87
2019-02-08 18:41:53,root,112.85.42.87
2019-02-08 18:40:54,root,112.85.42.87
2019-02-08 18:40:52,root,112.85.42.87
2019-02-08 18:40:50,root,112.85.42.87
2019-02-08 18:39:56,root,112.85.42.87
2019-02-08 18:39:54,root,112.85.42.87
2019-02-08 18:39:52,root,112.85.42.87
2019-02-08 18:39:00,root,112.85.42.87
2019-02-08 18:38:58,root,112.85.42.87
2019-02-08 18:38:55,root,112.85.42.87
2019-02-08 18:37:58,root,112.85.42.87
2019-02-08 18:37:55,root,112.85.42.87
2019-02-08 18:37:53,root,112.85.42.87
2019-02-08 18:35:53,root,112.85.42.87
2019-02-08 18:35:50,root,112.85.42.87
2019-02-08 18:35:48,root,112.85.42.87
2019-02-08 18:34:52,root,112.85.42.87
2019-02-08 18:34:50,root,112.85.42.87
2019-02-08 18:34:48,root,112.85.42.87
2019-02-08 18:34:36,root,94.51.37.138
2019-02-08 18:34:34,root,94.51.37.138
2019-02-08 18:34:32,root,94.51.37.138
2019-02-08 18:34:29,root,94.51.37.138
2019-02-08 18:34:28,root,94.51.37.138
2019-02-08 18:34:25,root,94.51.37.138
2019-02-08 18:33:50,root,112.85.42.87
2019-02-08 18:33:47,root,112.85.42.87
2019-02-08 18:33:45,root,112.85.42.87
2019-02-08 18:32:54,root,112.85.42.87
2019-02-08 18:32:52,root,112.85.42.87
2019-02-08 18:32:50,root,112.85.42.87
2019-02-08 18:31:53,root,112.85.42.87
2019-02-08 18:31:51,root,112.85.42.87
2019-02-08 18:31:49,root,112.85.42.87
2019-02-08 18:30:51,root,112.85.42.87
2019-02-08 18:30:48,root,112.85.42.87
2019-02-08 18:30:46,root,112.85.42.87
2019-02-08 18:29:46,root,112.85.42.87
2019-02-08 18:29:44,root,112.85.42.87
2019-02-08 18:29:41,root,112.85.42.87
2019-02-08 18:28:47,root,112.85.42.87
2019-02-08 18:28:44,root,112.85.42.87
2019-02-08 18:28:42,root,112.85.42.87
2019-02-08 18:27:47,root,112.85.42.87
2019-02-08 18:27:45,root,112.85.42.87
2019-02-08 18:27:43,root,112.85.42.87
2019-02-08 18:26:51,root,112.85.42.87
2019-02-08 18:26:48,root,112.85.42.87
2019-02-08 18:26:47,root,112.85.42.87
2019-02-08 18:25:50,root,112.85.42.87
2019-02-08 18:25:49,root,112.85.42.87
2019-02-08 18:25:47,root,112.85.42.87
2019-02-08 18:24:50,root,112.85.42.87
2019-02-08 18:24:48,root,112.85.42.87
2019-02-08 18:24:46,root,112.85.42.87
2019-02-08 18:23:48,root,112.85.42.87
2019-02-08 18:23:46,root,112.85.42.87
2019-02-08 18:23:43,root,112.85.42.87
2019-02-08 18:22:45,root,112.85.42.87
2019-02-08 18:22:43,root,112.85.42.87
2019-02-08 18:22:42,root,112.85.42.87
2019-02-08 18:21:44,root,112.85.42.87
2019-02-08 18:21:42,root,112.85.42.87
2019-02-08 18:21:40,root,112.85.42.87
2019-02-08 18:20:42,root,112.85.42.87
2019-02-08 18:20:40,root,112.85.42.87
2019-02-08 18:20:37,root,112.85.42.87
2019-02-08 18:19:40,root,112.85.42.87
2019-02-08 18:19:38,root,112.85.42.87
2019-02-08 18:19:36,root,112.85.42.87
2019-02-08 18:18:43,root,112.85.42.87
2019-02-08 18:18:40,root,112.85.42.87
2019-02-08 18:18:38,root,112.85.42.87
2019-02-08 18:17:42,root,112.85.42.87
2019-02-08 18:17:40,root,112.85.42.87
2019-02-08 18:17:37,root,112.85.42.87
2019-02-08 18:16:34,root,112.85.42.87
2019-02-08 18:16:32,root,112.85.42.87
2019-02-08 18:16:30,root,112.85.42.87
2019-02-08 18:15:38,root,112.85.42.87
2019-02-08 18:15:36,root,112.85.42.87
2019-02-08 18:15:35,root,112.85.42.87
2019-02-08 18:14:38,root,112.85.42.87
2019-02-08 18:14:36,root,112.85.42.87
2019-02-08 18:14:34,root,112.85.42.87
2019-02-08 18:13:39,root,112.85.42.87
2019-02-08 18:13:37,root,112.85.42.87
2019-02-08 18:13:35,root,112.85.42.87
2019-02-08 18:12:41,root,112.85.42.87
2019-02-08 18:12:39,root,112.85.42.87
2019-02-08 18:12:36,root,112.85.42.87
2019-02-08 18:11:41,root,112.85.42.87
2019-02-08 18:11:38,root,112.85.42.87
2019-02-08 18:11:36,root,112.85.42.87
2019-02-08 18:10:37,root,112.85.42.87
2019-02-08 18:10:35,root,112.85.42.87
2019-02-08 18:10:32,root,112.85.42.87
2019-02-08 18:09:30,root,112.85.42.87
2019-02-08 18:09:27,root,112.85.42.87
2019-02-08 18:09:25,root,112.85.42.87
2019-02-08 18:08:32,root,112.85.42.87
2019-02-08 18:08:31,root,112.85.42.87
2019-02-08 18:08:29,root,112.85.42.87
2019-02-08 18:07:27,root,112.85.42.87
2019-02-08 18:07:26,root,112.85.42.87
2019-02-08 18:07:24,root,112.85.42.87
2019-02-08 18:06:27,root,112.85.42.87
2019-02-08 18:06:25,root,112.85.42.87
2019-02-08 18:06:23,root,112.85.42.87
2019-02-08 18:05:33,root,112.85.42.87
2019-02-08 18:05:31,root,112.85.42.87
2019-02-08 18:05:28,root,112.85.42.87
2019-02-08 18:04:27,root,112.85.42.87
2019-02-08 18:04:24,root,112.85.42.87
2019-02-08 18:04:22,root,112.85.42.87
2019-02-08 18:03:26,root,112.85.42.87
2019-02-08 18:03:23,root,112.85.42.87
2019-02-08 18:03:21,root,112.85.42.87
2019-02-08 18:02:28,root,112.85.42.87
2019-02-08 18:02:26,root,112.85.42.87
2019-02-08 18:02:23,root,112.85.42.87
2019-02-08 18:01:26,root,112.85.42.87
2019-02-08 18:01:24,root,112.85.42.87
2019-02-08 18:01:23,root,112.85.42.87
2019-02-08 18:00:25,root,112.85.42.87
2019-02-08 18:00:23,root,112.85.42.87
2019-02-08 18:00:21,root,112.85.42.87
2019-02-08 17:59:55,root,200.194.15.253
2019-02-08 17:59:53,root,200.194.15.253
2019-02-08 17:59:51,root,200.194.15.253
2019-02-08 17:59:19,root,112.85.42.87
2019-02-08 17:59:17,root,112.85.42.87
2019-02-08 17:59:15,root,112.85.42.87
2019-02-08 17:58:18,root,112.85.42.87
2019-02-08 17:58:16,root,112.85.42.87
2019-02-08 17:58:14,root,112.85.42.87
2019-02-08 17:57:15,root,112.85.42.87
2019-02-08 17:57:13,root,112.85.42.87
2019-02-08 17:57:11,root,112.85.42.87
2019-02-08 17:56:26,root,112.85.42.87
2019-02-08 17:56:17,root,112.85.42.87
2019-02-08 17:56:15,root,112.85.42.87
2019-02-08 17:55:13,root,112.85.42.87
2019-02-08 17:55:11,root,112.85.42.87
2019-02-08 17:55:08,root,112.85.42.87
2019-02-08 17:54:15,root,112.85.42.87
2019-02-08 17:54:13,root,112.85.42.87
2019-02-08 17:54:11,root,112.85.42.87
2019-02-08 17:53:17,root,112.85.42.87
2019-02-08 17:53:15,root,112.85.42.87
2019-02-08 17:53:13,root,112.85.42.87
2019-02-08 17:52:16,root,112.85.42.87
2019-02-08 17:52:13,root,112.85.42.87
2019-02-08 17:52:11,root,112.85.42.87
2019-02-08 17:51:12,root,112.85.42.87
2019-02-08 17:51:09,root,112.85.42.87
2019-02-08 17:51:07,root,112.85.42.87
2019-02-08 17:50:10,root,112.85.42.87
2019-02-08 17:50:07,root,112.85.42.87
2019-02-08 17:50:05,root,112.85.42.87
2019-02-08 17:49:05,root,112.85.42.87
2019-02-08 17:49:03,root,112.85.42.87
2019-02-08 17:49:01,root,112.85.42.87
2019-02-08 17:48:08,root,112.85.42.87
2019-02-08 17:48:05,root,112.85.42.87
2019-02-08 17:48:03,root,112.85.42.87
2019-02-08 17:47:09,root,112.85.42.87
2019-02-08 17:47:07,root,112.85.42.87
2019-02-08 17:47:04,root,112.85.42.87
2019-02-08 17:46:25,openvpn,d1.ajeel.be
2019-02-08 17:46:22,openvpn,d1.ajeel.be
2019-02-08 17:46:06,root,112.85.42.87
2019-02-08 17:46:03,root,112.85.42.87
2019-02-08 17:46:01,root,112.85.42.87
2019-02-08 17:45:05,root,112.85.42.87
2019-02-08 17:45:03,root,112.85.42.87
2019-02-08 17:45:00,root,112.85.42.87
2019-02-08 17:43:55,root,112.85.42.87
2019-02-08 17:43:52,root,112.85.42.87
2019-02-08 17:43:50,root,112.85.42.87
2019-02-08 17:43:00,root,112.85.42.87
2019-02-08 17:42:57,root,112.85.42.87
2019-02-08 17:42:55,root,112.85.42.87
2019-02-08 17:41:55,root,112.85.42.87
2019-02-08 17:41:53,root,112.85.42.87
2019-02-08 17:41:50,root,112.85.42.87
2019-02-08 17:40:57,root,112.85.42.87
2019-02-08 17:40:55,root,112.85.42.87
2019-02-08 17:40:53,root,112.85.42.87
2019-02-08 17:39:54,root,112.85.42.87
2019-02-08 17:39:52,root,112.85.42.87
2019-02-08 17:39:49,root,112.85.42.87
2019-02-08 17:38:52,root,112.85.42.87
2019-02-08 17:38:49,root,112.85.42.87
2019-02-08 17:38:46,root,112.85.42.87
2019-02-08 17:37:43,root,112.85.42.87
2019-02-08 17:37:42,root,112.85.42.87
2019-02-08 17:37:39,root,112.85.42.87
2019-02-08 17:36:46,root,112.85.42.87
2019-02-08 17:36:44,root,112.85.42.87
2019-02-08 17:36:42,root,112.85.42.87
2019-02-08 17:35:44,root,112.85.42.87
2019-02-08 17:35:42,root,112.85.42.87
2019-02-08 17:35:40,root,112.85.42.87
2019-02-08 17:34:44,root,112.85.42.87
2019-02-08 17:34:42,root,112.85.42.87
2019-02-08 17:34:40,root,112.85.42.87
2019-02-08 17:33:44,root,112.85.42.87
2019-02-08 17:33:42,root,112.85.42.87
2019-02-08 17:33:39,root,112.85.42.87
2019-02-08 17:32:40,root,112.85.42.87
2019-02-08 17:32:38,root,112.85.42.87
2019-02-08 17:32:36,root,112.85.42.87
2019-02-08 17:31:33,root,112.85.42.87
2019-02-08 17:31:31,root,112.85.42.87
2019-02-08 17:31:29,root,112.85.42.87
2019-02-08 17:30:29,root,112.85.42.87
2019-02-08 17:30:26,root,112.85.42.87
2019-02-08 17:30:24,root,112.85.42.87
2019-02-08 17:28:33,root,112.85.42.87
2019-02-08 17:28:30,root,112.85.42.87
2019-02-08 17:28:28,root,112.85.42.87
2019-02-08 17:27:29,root,112.85.42.87
2019-02-08 17:27:27,root,112.85.42.87
2019-02-08 17:27:25,root,112.85.42.87
2019-02-08 17:26:33,root,112.85.42.87
2019-02-08 17:26:27,root,112.85.42.87
2019-02-08 17:25:26,root,112.85.42.87
2019-02-08 17:25:24,root,112.85.42.87
2019-02-08 17:25:21,root,112.85.42.87
2019-02-08 17:24:23,root,112.85.42.87
2019-02-08 17:24:20,root,112.85.42.87
2019-02-08 17:24:18,root,112.85.42.87
2019-02-08 17:23:27,root,112.85.42.87
2019-02-08 17:23:23,root,112.85.42.87
2019-02-08 17:23:21,root,112.85.42.87
2019-02-08 17:22:18,root,112.85.42.87
2019-02-08 17:22:16,root,112.85.42.87
2019-02-08 17:22:14,root,112.85.42.87
2019-02-08 17:21:15,root,112.85.42.87
2019-02-08 17:21:12,root,112.85.42.87
2019-02-08 17:21:10,root,112.85.42.87
2019-02-08 17:20:14,root,112.85.42.87
2019-02-08 17:20:11,root,112.85.42.87
2019-02-08 17:20:09,root,112.85.42.87
2019-02-08 17:19:08,root,112.85.42.87
2019-02-08 17:19:05,root,112.85.42.87
2019-02-08 17:19:03,root,112.85.42.87
2019-02-08 17:18:09,root,112.85.42.87
2019-02-08 17:18:07,root,112.85.42.87
2019-02-08 17:18:05,root,112.85.42.87
2019-02-08 17:17:10,root,112.85.42.87
2019-02-08 17:17:07,root,112.85.42.87
2019-02-08 17:17:06,root,112.85.42.87
2019-02-08 17:16:07,root,112.85.42.87
2019-02-08 17:16:05,root,112.85.42.87
2019-02-08 17:16:04,root,112.85.42.87
2019-02-08 17:15:12,root,112.85.42.87
2019-02-08 17:15:10,root,112.85.42.87
2019-02-08 17:15:08,root,112.85.42.87
2019-02-08 17:14:06,root,112.85.42.87
2019-02-08 17:14:03,root,112.85.42.87
2019-02-08 17:14:00,root,112.85.42.87
2019-02-08 17:13:03,root,112.85.42.87
2019-02-08 17:13:00,root,112.85.42.87
2019-02-08 17:12:58,root,112.85.42.87
2019-02-08 17:12:00,root,112.85.42.87
2019-02-08 17:11:58,root,112.85.42.87
2019-02-08 17:11:55,root,112.85.42.87
2019-02-08 17:10:59,root,112.85.42.87
2019-02-08 17:10:57,root,112.85.42.87
2019-02-08 17:10:54,root,112.85.42.87
2019-02-08 17:09:57,root,112.85.42.87
2019-02-08 17:09:55,root,112.85.42.87
2019-02-08 17:09:53,root,112.85.42.87
2019-02-08 17:08:56,root,112.85.42.87
2019-02-08 17:08:54,root,112.85.42.87
2019-02-08 17:08:52,root,112.85.42.87
2019-02-08 17:07:56,root,112.85.42.87
2019-02-08 17:07:54,root,112.85.42.87
2019-02-08 17:07:52,root,112.85.42.87
2019-02-08 17:06:52,root,112.85.42.87
2019-02-08 17:06:50,root,112.85.42.87
2019-02-08 17:06:48,root,112.85.42.87
2019-02-08 17:05:48,root,112.85.42.87
2019-02-08 17:05:46,root,112.85.42.87
2019-02-08 17:05:45,root,112.85.42.87
2019-02-08 17:03:51,root,112.85.42.87
2019-02-08 17:03:49,root,112.85.42.87
2019-02-08 17:03:47,root,112.85.42.87
2019-02-08 17:02:50,root,112.85.42.87
2019-02-08 17:02:47,root,112.85.42.87
2019-02-08 17:02:45,root,112.85.42.87
2019-02-08 17:01:44,root,112.85.42.87
2019-02-08 17:01:41,root,112.85.42.87
2019-02-08 17:01:39,root,112.85.42.87
2019-02-08 17:00:46,root,112.85.42.87
2019-02-08 17:00:43,root,112.85.42.87
2019-02-08 17:00:41,root,112.85.42.87
2019-02-08 16:59:41,root,112.85.42.87
2019-02-08 16:59:39,root,112.85.42.87
2019-02-08 16:59:36,root,112.85.42.87
2019-02-08 16:58:42,root,112.85.42.87
2019-02-08 16:58:39,root,112.85.42.87
2019-02-08 16:58:37,root,112.85.42.87
2019-02-08 16:58:03,ethos,210.203.20.252
2019-02-08 16:58:01,ethos,210.203.20.252
2019-02-08 16:57:41,root,112.85.42.87
2019-02-08 16:57:38,root,112.85.42.87
2019-02-08 16:57:37,root,112.85.42.87
2019-02-08 16:56:39,root,112.85.42.87
2019-02-08 16:56:37,root,112.85.42.87
2019-02-08 16:56:34,root,112.85.42.87
2019-02-08 16:55:35,root,112.85.42.87
2019-02-08 16:55:32,root,112.85.42.87
2019-02-08 16:55:31,root,112.85.42.87
2019-02-08 16:54:30,root,112.85.42.87
2019-02-08 16:54:27,root,112.85.42.87
2019-02-08 16:54:25,root,112.85.42.87
2019-02-08 16:53:33,root,112.85.42.87
2019-02-08 16:53:30,root,112.85.42.87
2019-02-08 16:53:28,root,112.85.42.87
2019-02-08 16:52:26,root,112.85.42.87
2019-02-08 16:52:24,root,112.85.42.87
2019-02-08 16:52:21,root,112.85.42.87
2019-02-08 16:51:31,root,112.85.42.87
2019-02-08 16:51:29,root,112.85.42.87
2019-02-08 16:51:27,root,112.85.42.87
2019-02-08 16:50:25,root,112.85.42.87
2019-02-08 16:50:23,root,112.85.42.87
2019-02-08 16:50:21,root,112.85.42.87
2019-02-08 16:49:22,root,112.85.42.87
2019-02-08 16:49:19,root,112.85.42.87
2019-02-08 16:49:17,root,112.85.42.87
2019-02-08 16:48:28,root,112.85.42.87
2019-02-08 16:48:25,root,112.85.42.87
2019-02-08 16:48:23,root,112.85.42.87
2019-02-08 16:47:15,root,112.85.42.87
2019-02-08 16:47:13,root,112.85.42.87
2019-02-08 16:47:10,root,112.85.42.87
2019-02-08 16:46:18,root,112.85.42.87
2019-02-08 16:46:16,root,112.85.42.87
2019-02-08 16:46:13,root,112.85.42.87
2019-02-08 16:45:18,root,112.85.42.87
2019-02-08 16:45:14,root,112.85.42.87
2019-02-08 16:45:12,root,112.85.42.87
2019-02-08 16:44:11,root,112.85.42.87
2019-02-08 16:44:09,root,112.85.42.87
2019-02-08 16:44:06,root,112.85.42.87
2019-02-08 16:43:12,root,112.85.42.87
2019-02-08 16:43:10,root,112.85.42.87
2019-02-08 16:43:08,root,112.85.42.87
2019-02-08 16:42:04,root,112.85.42.87
2019-02-08 16:42:01,root,112.85.42.87
2019-02-08 16:41:59,root,112.85.42.87
2019-02-08 16:41:07,root,112.85.42.87
2019-02-08 16:41:05,root,112.85.42.87
2019-02-08 16:41:02,root,112.85.42.87
2019-02-08 16:40:04,root,112.85.42.87
2019-02-08 16:40:02,root,112.85.42.87
2019-02-08 16:40:00,root,112.85.42.87
2019-02-08 16:38:57,root,112.85.42.87
2019-02-08 16:38:55,root,112.85.42.87
2019-02-08 16:38:53,root,112.85.42.87
2019-02-08 16:38:01,root,112.85.42.87
2019-02-08 16:37:59,root,112.85.42.87
2019-02-08 16:37:57,root,112.85.42.87
2019-02-08 16:36:59,root,112.85.42.87
2019-02-08 16:36:58,root,112.85.42.87
2019-02-08 16:36:55,root,112.85.42.87
2019-02-08 16:35:57,root,112.85.42.87
2019-02-08 16:35:54,root,112.85.42.87
2019-02-08 16:35:51,root,112.85.42.87
2019-02-08 16:34:50,root,112.85.42.87
2019-02-08 16:34:48,root,112.85.42.87
2019-02-08 16:34:46,root,112.85.42.87
2019-02-08 16:33:52,root,112.85.42.87
2019-02-08 16:33:49,root,112.85.42.87
2019-02-08 16:33:47,root,112.85.42.87
2019-02-08 16:32:47,root,112.85.42.87
2019-02-08 16:32:45,root,112.85.42.87
2019-02-08 16:32:42,root,112.85.42.87
2019-02-08 16:31:50,root,112.85.42.87
2019-02-08 16:31:48,root,112.85.42.87
2019-02-08 16:31:46,root,112.85.42.87
2019-02-08 16:30:44,root,112.85.42.87
2019-02-08 16:30:42,root,112.85.42.87
2019-02-08 16:30:40,root,112.85.42.87
2019-02-08 16:29:42,root,112.85.42.87
2019-02-08 16:29:40,root,112.85.42.87
2019-02-08 16:29:37,root,112.85.42.87
2019-02-08 16:28:38,root,112.85.42.87
2019-02-08 16:28:36,root,112.85.42.87
2019-02-08 16:28:34,root,112.85.42.87
2019-02-08 16:27:37,root,112.85.42.87
2019-02-08 16:27:34,root,112.85.42.87
2019-02-08 16:27:33,root,112.85.42.87
2019-02-08 16:26:40,root,112.85.42.87
2019-02-08 16:26:38,root,112.85.42.87
2019-02-08 16:26:36,root,112.85.42.87
2019-02-08 16:25:38,root,112.85.42.87
2019-02-08 16:25:35,root,112.85.42.87
2019-02-08 16:25:34,root,112.85.42.87
2019-02-08 16:24:35,root,112.85.42.87
2019-02-08 16:24:32,root,112.85.42.87
2019-02-08 16:24:30,root,112.85.42.87
2019-02-08 16:23:37,root,112.85.42.87
2019-02-08 16:23:35,root,112.85.42.87
2019-02-08 16:23:33,root,112.85.42.87
2019-02-08 16:22:29,root,112.85.42.87
2019-02-08 16:22:26,root,112.85.42.87
2019-02-08 16:22:23,root,112.85.42.87
2019-02-08 16:21:28,root,112.85.42.87
2019-02-08 16:21:25,root,112.85.42.87
2019-02-08 16:21:23,root,112.85.42.87
2019-02-08 16:20:16,root,112.85.42.87
2019-02-08 16:20:15,root,112.85.42.87
2019-02-08 16:20:12,root,112.85.42.87
2019-02-08 16:19:21,root,112.85.42.87
2019-02-08 16:19:19,root,112.85.42.87
2019-02-08 16:19:16,root,112.85.42.87
2019-02-08 16:18:15,root,112.85.42.87
2019-02-08 16:18:13,root,112.85.42.87
2019-02-08 16:18:10,root,112.85.42.87
2019-02-08 16:17:15,root,112.85.42.87
2019-02-08 16:17:12,root,112.85.42.87
2019-02-08 16:17:10,root,112.85.42.87
2019-02-08 16:16:06,root,112.85.42.87
2019-02-08 16:16:05,root,112.85.42.87
2019-02-08 16:16:03,root,112.85.42.87
2019-02-08 16:14:05,root,112.85.42.87
2019-02-08 16:14:03,root,112.85.42.87
2019-02-08 16:14:01,root,112.85.42.87
2019-02-08 16:13:08,root,112.85.42.87
2019-02-08 16:13:06,root,112.85.42.87
2019-02-08 16:13:04,root,112.85.42.87
2019-02-08 16:12:02,root,112.85.42.87
2019-02-08 16:12:00,root,112.85.42.87
2019-02-08 16:11:58,root,112.85.42.87
2019-02-08 16:11:03,root,112.85.42.87
2019-02-08 16:11:01,root,112.85.42.87
2019-02-08 16:10:58,root,112.85.42.87
2019-02-08 16:09:53,root,112.85.42.87
2019-02-08 16:09:50,root,112.85.42.87
2019-02-08 16:09:48,root,112.85.42.87
2019-02-08 16:08:48,root,112.85.42.87
2019-02-08 16:08:45,root,112.85.42.87
2019-02-08 16:08:43,root,112.85.42.87
2019-02-08 16:07:06,root,112.85.42.87
2019-02-08 16:07:04,root,112.85.42.87
2019-02-08 16:07:02,root,112.85.42.87
2019-02-08 16:01:23,root,112.85.42.87
2019-02-08 16:01:20,root,112.85.42.87
2019-02-08 16:01:18,root,112.85.42.87
2019-02-08 16:00:29,ubuntu,132.145.40.120
2019-02-08 16:00:27,ubuntu,132.145.40.120
2019-02-08 16:00:07,root,112.85.42.87
2019-02-08 16:00:05,root,112.85.42.87
2019-02-08 16:00:04,root,112.85.42.87
2019-02-08 15:58:58,root,112.85.42.87
2019-02-08 15:58:56,root,112.85.42.87
2019-02-08 15:58:54,root,112.85.42.87
2019-02-08 15:57:45,root,112.85.42.87
2019-02-08 15:57:43,root,112.85.42.87
2019-02-08 15:57:41,root,112.85.42.87
2019-02-08 15:56:25,root,112.85.42.87
2019-02-08 15:56:22,root,112.85.42.87
2019-02-08 15:56:19,root,112.85.42.87
2019-02-08 15:55:18,root,112.85.42.87
2019-02-08 15:55:15,root,112.85.42.87
2019-02-08 15:55:13,root,112.85.42.87
2019-02-08 15:54:02,root,112.85.42.87
2019-02-08 15:54:00,root,112.85.42.87
2019-02-08 15:53:58,root,112.85.42.87
2019-02-08 15:52:47,root,112.85.42.87
2019-02-08 15:52:45,root,112.85.42.87
2019-02-08 15:52:43,root,112.85.42.87
2019-02-08 15:51:39,root,112.85.42.87
2019-02-08 15:51:36,root,112.85.42.87
2019-02-08 15:51:34,root,112.85.42.87
2019-02-08 15:50:19,root,112.85.42.87
2019-02-08 15:50:16,root,112.85.42.87
2019-02-08 15:50:14,root,112.85.42.87
2019-02-08 15:49:09,root,112.85.42.87
2019-02-08 15:49:07,root,112.85.42.87
2019-02-08 15:49:05,root,112.85.42.87
2019-02-08 15:47:55,root,112.85.42.87
2019-02-08 15:47:53,root,112.85.42.87
2019-02-08 15:47:51,root,112.85.42.87
2019-02-08 15:46:40,root,112.85.42.87
2019-02-08 15:46:38,root,112.85.42.87
2019-02-08 15:46:35,root,112.85.42.87
2019-02-08 15:45:30,root,112.85.42.87
2019-02-08 15:45:28,root,112.85.42.87
2019-02-08 15:45:25,root,112.85.42.87
2019-02-08 15:44:14,root,112.85.42.87
2019-02-08 15:44:11,root,112.85.42.87
2019-02-08 15:44:09,root,112.85.42.87
2019-02-08 15:42:57,root,112.85.42.87
2019-02-08 15:42:55,root,112.85.42.87
2019-02-08 15:42:53,root,112.85.42.87
2019-02-08 15:41:43,root,112.85.42.87
2019-02-08 15:41:41,root,112.85.42.87
2019-02-08 15:41:39,root,112.85.42.87
2019-02-08 15:40:35,root,112.85.42.87
2019-02-08 15:40:33,root,112.85.42.87
2019-02-08 15:40:30,root,112.85.42.87
2019-02-08 15:39:17,root,112.85.42.87
2019-02-08 15:39:15,root,112.85.42.87
2019-02-08 15:39:13,root,112.85.42.87
2019-02-08 15:38:05,root,112.85.42.87
2019-02-08 15:38:02,root,112.85.42.87
2019-02-08 15:37:59,root,112.85.42.87
2019-02-08 15:36:47,root,112.85.42.87
2019-02-08 15:36:45,root,112.85.42.87
2019-02-08 15:36:43,root,112.85.42.87
2019-02-08 15:35:39,root,112.85.42.87
2019-02-08 15:35:36,root,112.85.42.87
2019-02-08 15:35:34,root,112.85.42.87
2019-02-08 15:34:24,root,112.85.42.87
2019-02-08 15:34:22,root,112.85.42.87
2019-02-08 15:34:20,root,112.85.42.87
2019-02-08 15:33:06,root,112.85.42.87
2019-02-08 15:33:03,root,112.85.42.87
2019-02-08 15:33:01,root,112.85.42.87
2019-02-08 15:31:53,root,112.85.42.87
2019-02-08 15:31:50,root,112.85.42.87
2019-02-08 15:31:48,root,112.85.42.87
2019-02-08 15:30:35,root,112.85.42.87
2019-02-08 15:30:32,root,112.85.42.87
2019-02-08 15:30:30,root,112.85.42.87
2019-02-08 15:29:26,root,112.85.42.87
2019-02-08 15:29:24,root,112.85.42.87
2019-02-08 15:29:22,root,112.85.42.87
2019-02-08 15:28:09,root,112.85.42.87
2019-02-08 15:28:07,root,112.85.42.87
2019-02-08 15:28:05,root,112.85.42.87
2019-02-08 15:26:55,root,112.85.42.87
2019-02-08 15:26:53,root,112.85.42.87
2019-02-08 15:26:51,root,112.85.42.87
2019-02-08 15:25:37,root,112.85.42.87
2019-02-08 15:25:35,root,112.85.42.87
2019-02-08 15:25:32,root,112.85.42.87
2019-02-08 15:24:24,root,112.85.42.87
2019-02-08 15:24:21,root,112.85.42.87
2019-02-08 15:24:19,root,112.85.42.87
2019-02-08 15:23:06,root,112.85.42.87
2019-02-08 15:23:04,root,112.85.42.87
2019-02-08 15:23:02,root,112.85.42.87
2019-02-08 15:21:55,root,112.85.42.87
2019-02-08 15:21:53,root,112.85.42.87
2019-02-08 15:21:51,root,112.85.42.87
2019-02-08 15:20:41,root,112.85.42.87
2019-02-08 15:20:38,root,112.85.42.87
2019-02-08 15:20:35,root,112.85.42.87
2019-02-08 15:19:19,root,112.85.42.87
2019-02-08 15:19:17,root,112.85.42.87
2019-02-08 15:19:14,root,112.85.42.87
2019-02-08 15:17:59,root,112.85.42.87
2019-02-08 15:17:56,root,112.85.42.87
2019-02-08 15:17:54,root,112.85.42.87
2019-02-08 15:16:47,root,112.85.42.87
2019-02-08 15:16:44,root,112.85.42.87
2019-02-08 15:16:42,root,112.85.42.87
2019-02-08 15:15:32,root,112.85.42.87
2019-02-08 15:15:30,root,112.85.42.87
2019-02-08 15:15:27,root,112.85.42.87
2019-02-08 15:14:17,root,112.85.42.87
2019-02-08 15:14:15,root,112.85.42.87
2019-02-08 15:14:12,root,112.85.42.87
2019-02-08 15:13:02,root,112.85.42.87
2019-02-08 15:13:00,root,112.85.42.87
2019-02-08 15:12:57,root,112.85.42.87
2019-02-08 15:11:47,root,112.85.42.87
2019-02-08 15:11:45,root,112.85.42.87
2019-02-08 15:11:42,root,112.85.42.87
2019-02-08 15:10:34,root,112.85.42.87
2019-02-08 15:10:31,root,112.85.42.87
2019-02-08 15:10:29,root,112.85.42.87
2019-02-08 15:09:21,root,112.85.42.87
2019-02-08 15:09:19,root,112.85.42.87
2019-02-08 15:09:17,root,112.85.42.87
2019-02-08 15:08:05,root,112.85.42.87
2019-02-08 15:08:04,root,112.85.42.87
2019-02-08 15:08:02,root,112.85.42.87
2019-02-08 15:06:54,root,112.85.42.87
2019-02-08 15:06:52,root,112.85.42.87
2019-02-08 15:06:49,root,112.85.42.87
2019-02-08 15:05:34,root,112.85.42.87
2019-02-08 15:05:32,root,112.85.42.87
2019-02-08 15:05:30,root,112.85.42.87
2019-02-08 15:04:20,root,112.85.42.87
2019-02-08 15:04:18,root,112.85.42.87
2019-02-08 15:04:16,root,112.85.42.87
2019-02-08 15:03:08,root,112.85.42.87
2019-02-08 15:03:06,root,112.85.42.87
2019-02-08 15:03:04,root,112.85.42.87
2019-02-08 15:01:51,root,112.85.42.87
2019-02-08 15:01:49,root,112.85.42.87
2019-02-08 15:01:47,root,112.85.42.87
2019-02-08 15:00:38,root,112.85.42.87
2019-02-08 15:00:35,root,112.85.42.87
2019-02-08 15:00:32,root,112.85.42.87
2019-02-08 14:59:20,root,112.85.42.87
2019-02-08 14:59:18,root,112.85.42.87
2019-02-08 14:59:16,root,112.85.42.87
2019-02-08 14:58:07,root,112.85.42.87
2019-02-08 14:58:04,root,112.85.42.87
2019-02-08 14:58:03,root,112.85.42.87
2019-02-08 14:56:56,root,112.85.42.87
2019-02-08 14:56:53,root,112.85.42.87
2019-02-08 14:56:51,root,112.85.42.87
2019-02-08 14:55:50,root,112.85.42.87
2019-02-08 14:55:39,root,112.85.42.87
2019-02-08 14:54:26,root,112.85.42.87
2019-02-08 14:54:24,root,112.85.42.87
2019-02-08 14:54:21,root,112.85.42.87
2019-02-08 14:53:06,root,112.85.42.87
2019-02-08 14:53:04,root,112.85.42.87
2019-02-08 14:53:01,root,112.85.42.87
2019-02-08 14:51:54,root,112.85.42.87
2019-02-08 14:51:52,root,112.85.42.87
2019-02-08 14:51:49,root,112.85.42.87
2019-02-08 14:50:40,root,112.85.42.87
2019-02-08 14:50:38,root,112.85.42.87
2019-02-08 14:50:36,root,112.85.42.87
2019-02-08 14:49:25,root,112.85.42.87
2019-02-08 14:49:23,root,112.85.42.87
2019-02-08 14:49:20,root,112.85.42.87
2019-02-08 14:48:12,root,112.85.42.87
2019-02-08 14:48:11,root,112.85.42.87
2019-02-08 14:48:08,root,112.85.42.87
2019-02-08 14:46:54,root,112.85.42.87
2019-02-08 14:46:51,root,112.85.42.87
2019-02-08 14:46:48,root,112.85.42.87
2019-02-08 14:45:37,root,112.85.42.87
2019-02-08 14:45:35,root,112.85.42.87
2019-02-08 14:45:34,root,112.85.42.87
2019-02-08 14:44:26,root,112.85.42.87
2019-02-08 14:44:25,root,112.85.42.87
2019-02-08 14:44:23,root,112.85.42.87
2019-02-08 14:43:15,root,112.85.42.87
2019-02-08 14:43:13,root,112.85.42.87
2019-02-08 14:43:11,root,112.85.42.87
2019-02-08 14:41:58,root,112.85.42.87
2019-02-08 14:41:55,root,112.85.42.87
2019-02-08 14:41:52,root,112.85.42.87
2019-02-08 14:40:46,root,112.85.42.87
2019-02-08 14:40:43,root,112.85.42.87
2019-02-08 14:40:40,root,112.85.42.87
2019-02-08 14:39:29,root,112.85.42.87
2019-02-08 14:39:26,root,112.85.42.87
2019-02-08 14:39:24,root,112.85.42.87
2019-02-08 14:38:16,root,112.85.42.87
2019-02-08 14:38:14,root,112.85.42.87
2019-02-08 14:38:12,root,112.85.42.87
2019-02-08 14:37:04,root,112.85.42.87
2019-02-08 14:37:02,root,112.85.42.87
2019-02-08 14:37:00,root,112.85.42.87
2019-02-08 14:34:34,root,112.85.42.87
2019-02-08 14:34:32,root,112.85.42.87
2019-02-08 14:34:29,root,112.85.42.87
2019-02-08 14:33:21,root,112.85.42.87
2019-02-08 14:33:19,root,112.85.42.87
2019-02-08 14:33:17,root,112.85.42.87
2019-02-08 14:32:07,root,112.85.42.87
2019-02-08 14:32:05,root,112.85.42.87
2019-02-08 14:32:02,root,112.85.42.87
2019-02-08 14:30:53,root,112.85.42.87
2019-02-08 14:30:50,root,112.85.42.87
2019-02-08 14:30:48,root,112.85.42.87
2019-02-08 14:29:48,root,112.85.42.87
2019-02-08 14:29:46,root,112.85.42.87
2019-02-08 14:29:43,root,112.85.42.87
2019-02-08 14:28:26,root,112.85.42.87
2019-02-08 14:28:24,root,112.85.42.87
2019-02-08 14:28:21,root,112.85.42.87
2019-02-08 14:27:09,root,112.85.42.87
2019-02-08 14:27:07,root,112.85.42.87
2019-02-08 14:27:05,root,112.85.42.87
2019-02-08 14:25:54,root,112.85.42.87
2019-02-08 14:25:52,root,112.85.42.87
2019-02-08 14:25:50,root,112.85.42.87
2019-02-08 14:24:44,root,112.85.42.87
2019-02-08 14:24:42,root,112.85.42.87
2019-02-08 14:24:39,root,112.85.42.87
2019-02-08 14:23:27,root,112.85.42.87
2019-02-08 14:23:24,root,112.85.42.87
2019-02-08 14:23:22,root,112.85.42.87
2019-02-08 14:22:16,root,112.85.42.87
2019-02-08 14:22:11,root,112.85.42.87
2019-02-08 14:20:56,root,112.85.42.87
2019-02-08 14:20:54,root,112.85.42.87
2019-02-08 14:20:52,root,112.85.42.87
2019-02-08 14:19:50,root,112.85.42.87
2019-02-08 14:19:48,root,112.85.42.87
2019-02-08 14:19:46,root,112.85.42.87
2019-02-08 14:18:35,root,112.85.42.87
2019-02-08 14:18:32,root,112.85.42.87
2019-02-08 14:18:30,root,112.85.42.87
2019-02-08 14:17:26,root,112.85.42.87
2019-02-08 14:17:23,root,112.85.42.87
2019-02-08 14:17:21,root,112.85.42.87
2019-02-08 14:16:14,root,112.85.42.87
2019-02-08 14:16:12,root,112.85.42.87
2019-02-08 14:16:10,root,112.85.42.87
2019-02-08 14:15:01,root,112.85.42.87
2019-02-08 14:14:58,root,112.85.42.87
2019-02-08 14:14:56,root,112.85.42.87
2019-02-08 14:13:47,root,112.85.42.87
2019-02-08 14:13:45,root,112.85.42.87
2019-02-08 14:13:42,root,112.85.42.87
2019-02-08 14:12:32,root,112.85.42.87
2019-02-08 14:12:29,root,112.85.42.87
2019-02-08 14:12:27,root,112.85.42.87
2019-02-08 14:11:14,root,112.85.42.87
2019-02-08 14:11:12,root,112.85.42.87
2019-02-08 14:11:09,root,112.85.42.87
2019-02-08 14:09:59,root,112.85.42.87
2019-02-08 14:09:57,root,112.85.42.87
2019-02-08 14:09:55,root,112.85.42.87
2019-02-08 14:08:47,root,112.85.42.87
2019-02-08 14:08:45,root,112.85.42.87
2019-02-08 14:08:42,root,112.85.42.87
2019-02-08 14:07:38,root,112.85.42.87
2019-02-08 14:07:35,root,112.85.42.87
2019-02-08 14:07:32,root,112.85.42.87
2019-02-08 14:06:22,root,112.85.42.87
2019-02-08 14:06:20,root,112.85.42.87
2019-02-08 14:06:17,root,112.85.42.87
2019-02-08 14:05:12,root,112.85.42.87
2019-02-08 14:05:11,root,112.85.42.87
2019-02-08 14:05:08,root,112.85.42.87
2019-02-08 14:03:59,root,112.85.42.87
2019-02-08 14:03:56,root,112.85.42.87
2019-02-08 14:03:53,root,112.85.42.87
2019-02-08 14:02:52,root,112.85.42.87
2019-02-08 14:02:49,root,112.85.42.87
2019-02-08 14:02:47,root,112.85.42.87
2019-02-08 14:01:32,root,112.85.42.87
2019-02-08 14:01:29,root,112.85.42.87
2019-02-08 14:01:27,root,112.85.42.87
2019-02-08 14:00:22,root,112.85.42.87
2019-02-08 14:00:20,root,112.85.42.87
2019-02-08 14:00:18,root,112.85.42.87
2019-02-08 13:59:10,root,112.85.42.87
2019-02-08 13:59:08,root,112.85.42.87
2019-02-08 13:59:06,root,112.85.42.87
2019-02-08 13:58:01,root,112.85.42.87
2019-02-08 13:57:55,root,112.85.42.87
2019-02-08 13:56:47,root,112.85.42.87
2019-02-08 13:56:45,root,112.85.42.87
2019-02-08 13:56:42,root,112.85.42.87
2019-02-08 13:55:34,root,112.85.42.87
2019-02-08 13:55:32,root,112.85.42.87
2019-02-08 13:55:29,root,112.85.42.87
2019-02-08 13:54:17,root,112.85.42.87
2019-02-08 13:54:15,root,112.85.42.87
2019-02-08 13:54:13,root,112.85.42.87
2019-02-08 13:53:12,root,112.85.42.87
2019-02-08 13:53:10,root,112.85.42.87
2019-02-08 13:53:09,root,112.85.42.87
2019-02-08 13:50:45,root,112.85.42.87
2019-02-08 13:50:43,root,112.85.42.87
2019-02-08 13:50:40,root,112.85.42.87
2019-02-08 13:49:39,root,112.85.42.87
2019-02-08 13:49:37,root,112.85.42.87
2019-02-08 13:49:35,root,112.85.42.87
2019-02-08 13:48:21,root,112.85.42.87
2019-02-08 13:48:18,root,112.85.42.87
2019-02-08 13:48:16,root,112.85.42.87
2019-02-08 13:47:09,root,112.85.42.87
2019-02-08 13:47:07,root,112.85.42.87
2019-02-08 13:47:05,root,112.85.42.87
2019-02-08 13:46:07,root,112.85.42.87
2019-02-08 13:46:04,root,112.85.42.87
2019-02-08 13:46:00,root,112.85.42.87
2019-02-08 13:44:49,root,112.85.42.87
2019-02-08 13:44:47,root,112.85.42.87
2019-02-08 13:44:45,root,112.85.42.87
2019-02-08 13:43:39,root,112.85.42.87
2019-02-08 13:43:36,root,112.85.42.87
2019-02-08 13:43:34,root,112.85.42.87
2019-02-08 13:42:29,root,112.85.42.87
2019-02-08 13:42:26,root,112.85.42.87
2019-02-08 13:42:24,root,112.85.42.87
2019-02-08 13:41:18,root,112.85.42.87
2019-02-08 13:41:16,root,112.85.42.87
2019-02-08 13:41:15,root,112.85.42.87
2019-02-08 13:40:07,root,112.85.42.87
2019-02-08 13:40:05,root,112.85.42.87
2019-02-08 13:40:03,root,112.85.42.87
2019-02-08 13:38:57,root,112.85.42.87
2019-02-08 13:38:56,root,112.85.42.87
2019-02-08 13:38:53,root,112.85.42.87
2019-02-08 13:37:40,root,112.85.42.87
2019-02-08 13:37:36,root,112.85.42.87
2019-02-08 13:37:34,root,112.85.42.87
2019-02-08 13:36:29,root,112.85.42.87
2019-02-08 13:36:27,root,112.85.42.87
2019-02-08 13:36:24,root,112.85.42.87
2019-02-08 13:35:15,root,112.85.42.87
2019-02-08 13:35:13,root,112.85.42.87
2019-02-08 13:35:11,root,112.85.42.87
2019-02-08 13:34:05,root,112.85.42.87
2019-02-08 13:34:03,root,112.85.42.87
2019-02-08 13:34:01,root,112.85.42.87
2019-02-08 13:32:52,root,112.85.42.87
2019-02-08 13:32:49,root,112.85.42.87
2019-02-08 13:32:46,root,112.85.42.87
2019-02-08 13:31:46,root,112.85.42.87
2019-02-08 13:31:43,root,112.85.42.87
2019-02-08 13:31:40,root,112.85.42.87
2019-02-08 13:30:33,root,112.85.42.87
2019-02-08 13:30:30,root,112.85.42.87
2019-02-08 13:30:28,root,112.85.42.87
2019-02-08 13:28:10,root,112.85.42.87
2019-02-08 13:28:08,root,112.85.42.87
2019-02-08 13:28:06,root,112.85.42.87
2019-02-08 13:27:03,root,112.85.42.87
2019-02-08 13:27:01,root,112.85.42.87
2019-02-08 13:26:59,root,112.85.42.87
2019-02-08 13:25:52,root,112.85.42.87
2019-02-08 13:25:51,root,112.85.42.87
2019-02-08 13:25:48,root,112.85.42.87
2019-02-08 13:24:42,root,112.85.42.87
2019-02-08 13:24:39,root,112.85.42.87
2019-02-08 13:24:37,root,112.85.42.87
2019-02-08 13:23:22,root,112.85.42.87
2019-02-08 13:23:20,root,112.85.42.87
2019-02-08 13:23:18,root,112.85.42.87
2019-02-08 13:22:14,root,112.85.42.87
2019-02-08 13:22:12,root,112.85.42.87
2019-02-08 13:22:10,root,112.85.42.87
2019-02-08 13:21:04,root,112.85.42.87
2019-02-08 13:21:01,root,112.85.42.87
2019-02-08 13:20:59,root,112.85.42.87
2019-02-08 13:19:51,root,112.85.42.87
2019-02-08 13:19:48,root,112.85.42.87
2019-02-08 13:19:47,root,112.85.42.87
2019-02-08 13:18:34,root,112.85.42.87
2019-02-08 13:18:32,root,112.85.42.87
2019-02-08 13:18:29,root,112.85.42.87
2019-02-08 13:17:26,root,112.85.42.87
2019-02-08 13:17:23,root,112.85.42.87
2019-02-08 13:17:20,root,112.85.42.87
2019-02-08 13:16:06,root,112.85.42.87
2019-02-08 13:16:04,root,112.85.42.87
2019-02-08 13:16:03,root,112.85.42.87
2019-02-08 13:14:55,root,112.85.42.87
2019-02-08 13:14:52,root,112.85.42.87
2019-02-08 13:14:51,root,112.85.42.87
2019-02-08 13:13:52,root,112.85.42.87
2019-02-08 13:13:48,root,112.85.42.87
2019-02-08 13:13:46,root,112.85.42.87
2019-02-08 13:12:36,root,112.85.42.87
2019-02-08 13:12:34,root,112.85.42.87
2019-02-08 13:12:31,root,112.85.42.87
2019-02-08 13:11:25,root,112.85.42.87
2019-02-08 13:11:23,root,112.85.42.87
2019-02-08 13:11:21,root,112.85.42.87
2019-02-08 13:10:11,root,112.85.42.87
2019-02-08 13:10:10,root,112.85.42.87
2019-02-08 13:10:08,root,112.85.42.87
2019-02-08 13:08:56,root,112.85.42.87
2019-02-08 13:08:54,root,112.85.42.87
2019-02-08 13:08:52,root,112.85.42.87
2019-02-08 13:07:44,root,112.85.42.87
2019-02-08 13:07:42,root,112.85.42.87
2019-02-08 13:07:40,root,112.85.42.87
2019-02-08 13:06:34,root,112.85.42.87
2019-02-08 13:06:31,root,112.85.42.87
2019-02-08 13:06:28,root,112.85.42.87
2019-02-08 13:05:13,root,112.85.42.87
2019-02-08 13:05:11,root,112.85.42.87
2019-02-08 13:05:09,root,112.85.42.87
2019-02-08 13:04:10,root,112.85.42.87
2019-02-08 13:04:07,root,112.85.42.87
2019-02-08 13:04:03,root,112.85.42.87
2019-02-08 13:02:56,root,112.85.42.87
2019-02-08 13:02:54,root,112.85.42.87
2019-02-08 13:02:51,root,112.85.42.87
2019-02-08 13:01:47,root,112.85.42.87
2019-02-08 13:01:45,root,112.85.42.87
2019-02-08 13:01:42,root,112.85.42.87
2019-02-08 13:00:34,root,112.85.42.87
2019-02-08 13:00:30,root,112.85.42.87
2019-02-08 13:00:28,root,112.85.42.87
2019-02-08 12:59:16,root,112.85.42.87
2019-02-08 12:59:14,root,112.85.42.87
2019-02-08 12:59:11,root,112.85.42.87
2019-02-08 12:57:54,root,112.85.42.87
2019-02-08 12:57:52,root,112.85.42.87
2019-02-08 12:57:50,root,112.85.42.87
2019-02-08 12:56:40,root,112.85.42.87
2019-02-08 12:56:38,root,112.85.42.87
2019-02-08 12:56:36,root,112.85.42.87
2019-02-08 12:55:27,root,112.85.42.87
2019-02-08 12:55:25,root,112.85.42.87
2019-02-08 12:55:23,root,112.85.42.87
2019-02-08 12:54:17,root,112.85.42.87
2019-02-08 12:54:16,root,112.85.42.87
2019-02-08 12:54:14,root,112.85.42.87
2019-02-08 12:53:03,root,112.85.42.87
2019-02-08 12:53:01,root,112.85.42.87
2019-02-08 12:52:58,root,112.85.42.87
2019-02-08 12:51:54,root,112.85.42.87
2019-02-08 12:51:52,root,112.85.42.87
2019-02-08 12:51:50,root,112.85.42.87
2019-02-08 12:50:43,root,112.85.42.87
2019-02-08 12:50:41,root,112.85.42.87
2019-02-08 12:50:39,root,112.85.42.87
2019-02-08 12:49:34,root,112.85.42.87
2019-02-08 12:49:33,root,112.85.42.87
2019-02-08 12:49:29,root,112.85.42.87
2019-02-08 12:48:27,root,112.85.42.87
2019-02-08 12:48:24,root,112.85.42.87
2019-02-08 12:48:22,root,112.85.42.87
2019-02-08 12:47:11,root,112.85.42.87
2019-02-08 12:47:09,root,112.85.42.87
2019-02-08 12:47:06,root,112.85.42.87
2019-02-08 12:46:03,root,112.85.42.87
2019-02-08 12:46:01,root,112.85.42.87
2019-02-08 12:45:58,root,112.85.42.87
2019-02-08 12:44:55,root,112.85.42.87
2019-02-08 12:44:52,root,112.85.42.87
2019-02-08 12:44:50,root,112.85.42.87
2019-02-08 12:43:38,root,112.85.42.87
2019-02-08 12:43:36,root,112.85.42.87
2019-02-08 12:43:34,root,112.85.42.87
2019-02-08 12:42:30,root,112.85.42.87
2019-02-08 12:42:27,root,112.85.42.87
2019-02-08 12:42:25,root,112.85.42.87
2019-02-08 12:41:40,applmgr,192.144.135.135
2019-02-08 12:41:38,applmgr,192.144.135.135
2019-02-08 12:41:16,root,112.85.42.87
2019-02-08 12:41:14,root,112.85.42.87
2019-02-08 12:41:12,root,112.85.42.87
2019-02-08 12:40:07,root,112.85.42.87
2019-02-08 12:40:05,root,112.85.42.87
2019-02-08 12:40:03,root,112.85.42.87
2019-02-08 12:38:56,root,112.85.42.87
2019-02-08 12:38:54,root,112.85.42.87
2019-02-08 12:38:52,root,112.85.42.87
2019-02-08 12:37:43,root,112.85.42.87
2019-02-08 12:37:42,root,112.85.42.87
2019-02-08 12:37:40,root,112.85.42.87
2019-02-08 12:36:33,root,112.85.42.87
2019-02-08 12:36:31,root,112.85.42.87
2019-02-08 12:36:29,root,112.85.42.87
2019-02-08 12:35:27,root,112.85.42.87
2019-02-08 12:35:24,root,112.85.42.87
2019-02-08 12:35:23,root,112.85.42.87
2019-02-08 12:34:17,root,112.85.42.87
2019-02-08 12:34:10,pos,202.196.52.8
2019-02-08 12:34:07,pos,202.196.52.8
2019-02-08 12:33:06,root,112.85.42.87
2019-02-08 12:33:04,root,112.85.42.87
2019-02-08 12:33:02,root,112.85.42.87
2019-02-08 12:31:55,root,112.85.42.87
2019-02-08 12:31:53,root,112.85.42.87
2019-02-08 12:31:51,root,112.85.42.87
2019-02-08 12:30:42,root,112.85.42.87
2019-02-08 12:30:40,root,112.85.42.87
2019-02-08 12:30:38,root,112.85.42.87
2019-02-08 12:29:01,root,112.85.42.87
2019-02-08 12:28:59,root,112.85.42.87
2019-02-08 12:28:57,root,112.85.42.87
2019-02-08 12:24:11,root,112.85.42.232
2019-02-08 12:22:04,root,112.85.42.232
2019-02-08 12:22:02,root,112.85.42.232
2019-02-08 12:22:00,root,112.85.42.232
2019-02-08 12:20:56,root,112.85.42.232
2019-02-08 12:20:54,root,112.85.42.232
2019-02-08 12:20:52,root,112.85.42.232
2019-02-08 12:19:55,root,112.85.42.232
2019-02-08 12:19:53,root,112.85.42.232
2019-02-08 12:19:51,root,112.85.42.232
2019-02-08 12:18:57,root,112.85.42.232
2019-02-08 12:18:56,root,112.85.42.232
2019-02-08 12:18:54,root,112.85.42.232
2019-02-08 12:15:53,root,112.85.42.232
2019-02-08 12:15:51,root,112.85.42.232
2019-02-08 12:15:50,root,112.85.42.232
2019-02-08 12:14:43,root,112.85.42.232
2019-02-08 12:14:39,root,112.85.42.232
2019-02-08 12:14:35,root,112.85.42.232
2019-02-08 12:13:41,root,112.85.42.232
2019-02-08 12:13:35,root,112.85.42.232
2019-02-08 12:13:33,root,112.85.42.232
2019-02-08 12:11:33,root,112.85.42.232
2019-02-08 12:10:32,root,112.85.42.232
2019-02-08 12:10:30,root,112.85.42.232
2019-02-08 12:10:28,root,112.85.42.232
2019-02-08 12:09:26,root,112.85.42.232
2019-02-08 12:09:23,root,112.85.42.232
2019-02-08 12:09:20,root,112.85.42.232
2019-02-08 12:08:23,root,112.85.42.232
2019-02-08 12:08:21,root,112.85.42.232
2019-02-08 12:08:18,root,112.85.42.232
2019-02-08 12:07:20,root,112.85.42.232
2019-02-08 12:07:17,root,112.85.42.232
2019-02-08 12:07:15,root,112.85.42.232
2019-02-08 12:06:14,root,112.85.42.232
2019-02-08 12:06:12,root,112.85.42.232
2019-02-08 12:06:10,root,112.85.42.232
2019-02-08 12:05:16,root,112.85.42.232
2019-02-08 12:05:14,root,112.85.42.232
2019-02-08 12:05:12,root,112.85.42.232
2019-02-08 12:04:13,root,112.85.42.232
2019-02-08 12:04:11,root,112.85.42.232
2019-02-08 12:04:09,root,112.85.42.232
2019-02-08 12:03:10,root,112.85.42.232
2019-02-08 12:03:07,root,112.85.42.232
2019-02-08 12:03:05,root,112.85.42.232
2019-02-08 12:02:19,root,112.85.42.232
2019-02-08 12:02:17,root,112.85.42.232
2019-02-08 12:02:14,root,112.85.42.232
2019-02-08 11:58:55,root,112.85.42.232
2019-02-08 11:58:52,root,112.85.42.232
2019-02-08 11:58:48,root,112.85.42.232
2019-02-08 11:55:41,root,112.85.42.232
2019-02-08 11:55:37,root,112.85.42.232
2019-02-08 11:55:34,root,112.85.42.232
2019-02-08 11:54:25,root,112.85.42.232
2019-02-08 11:54:22,root,112.85.42.232
2019-02-08 11:54:20,root,112.85.42.232
2019-02-08 11:51:05,root,112.85.42.232
2019-02-08 11:51:03,root,112.85.42.232
2019-02-08 11:51:01,root,112.85.42.232
2019-02-08 11:50:03,root,112.85.42.232
2019-02-08 11:50:00,root,112.85.42.232
2019-02-08 11:49:58,root,112.85.42.232
2019-02-08 11:49:12,ubnt,kd113154218055.p
2019-02-08 11:49:09,ubnt,kd113154218055.p
2019-02-08 11:48:58,root,112.85.42.232
2019-02-08 11:48:56,root,112.85.42.232
2019-02-08 11:48:53,root,112.85.42.232
2019-02-08 11:47:57,root,112.85.42.232
2019-02-08 11:47:55,root,112.85.42.232
2019-02-08 11:47:52,root,112.85.42.232
2019-02-08 11:46:51,root,112.85.42.232
2019-02-08 11:46:48,root,112.85.42.232
2019-02-08 11:46:46,root,112.85.42.232
2019-02-08 11:45:55,root,112.85.42.232
2019-02-08 11:45:51,root,112.85.42.232
2019-02-08 11:45:48,root,112.85.42.232
2019-02-08 11:44:47,root,112.85.42.232
2019-02-08 11:44:45,root,112.85.42.232
2019-02-08 11:44:42,root,112.85.42.232
2019-02-08 11:43:46,root,112.85.42.232
2019-02-08 11:43:43,root,112.85.42.232
2019-02-08 11:43:41,root,112.85.42.232
2019-02-08 11:42:42,root,112.85.42.232
2019-02-08 11:42:40,root,112.85.42.232
2019-02-08 11:42:37,root,112.85.42.232
2019-02-08 11:41:39,root,112.85.42.232
2019-02-08 11:41:37,root,112.85.42.232
2019-02-08 11:41:34,root,112.85.42.232
2019-02-08 11:40:32,root,112.85.42.232
2019-02-08 11:40:30,root,112.85.42.232
2019-02-08 11:40:27,root,112.85.42.232
2019-02-08 11:39:53,root,112.85.42.232
2019-02-08 11:39:24,root,112.85.42.232
2019-02-08 11:39:21,root,112.85.42.232
2019-02-08 11:38:30,root,112.85.42.232
2019-02-08 11:38:27,root,112.85.42.232
2019-02-08 11:38:26,root,112.85.42.232
2019-02-08 11:36:20,root,112.85.42.232
2019-02-08 11:36:18,root,112.85.42.232
2019-02-08 11:36:16,root,112.85.42.232
2019-02-08 11:35:20,root,112.85.42.232
2019-02-08 11:35:18,root,112.85.42.232
2019-02-08 11:35:16,root,112.85.42.232
2019-02-08 11:34:18,root,112.85.42.232
2019-02-08 11:34:16,root,112.85.42.232
2019-02-08 11:34:14,root,112.85.42.232
2019-02-08 11:33:21,root,112.85.42.232
2019-02-08 11:33:20,root,112.85.42.232
2019-02-08 11:33:18,root,112.85.42.232
2019-02-08 11:32:15,root,112.85.42.232
2019-02-08 11:32:12,root,112.85.42.232
2019-02-08 11:32:10,root,112.85.42.232
2019-02-08 11:31:12,root,112.85.42.232
2019-02-08 11:31:10,root,112.85.42.232
2019-02-08 11:31:08,root,112.85.42.232
2019-02-08 11:29:02,root,112.85.42.232
2019-02-08 11:29:00,root,112.85.42.232
2019-02-08 11:28:57,root,112.85.42.232
2019-02-08 11:28:03,root,112.85.42.232
2019-02-08 11:28:01,root,112.85.42.232
2019-02-08 11:27:59,root,112.85.42.232
2019-02-08 11:26:56,root,112.85.42.232
2019-02-08 11:26:54,root,112.85.42.232
2019-02-08 11:26:52,root,112.85.42.232
2019-02-08 11:24:48,root,112.85.42.232
2019-02-08 11:24:46,root,112.85.42.232
2019-02-08 11:24:44,root,112.85.42.232
2019-02-08 11:23:40,root,112.85.42.232
2019-02-08 11:23:37,root,112.85.42.232
2019-02-08 11:23:35,root,112.85.42.232
2019-02-08 11:21:37,root,112.85.42.232
2019-02-08 11:21:35,root,112.85.42.232
2019-02-08 11:21:33,root,112.85.42.232
2019-02-08 11:20:25,root,112.85.42.232
2019-02-08 11:20:20,root,112.85.42.232
2019-02-08 11:18:22,root,112.85.42.232
2019-02-08 11:18:20,root,112.85.42.232
2019-02-08 11:18:17,root,112.85.42.232
2019-02-08 11:17:22,root,112.85.42.232
2019-02-08 11:17:20,root,112.85.42.232
2019-02-08 11:17:18,root,112.85.42.232
2019-02-08 11:16:18,root,112.85.42.232
2019-02-08 11:16:16,root,112.85.42.232
2019-02-08 11:16:14,root,112.85.42.232
2019-02-08 11:15:08,root,112.85.42.232
2019-02-08 11:15:06,root,112.85.42.232
2019-02-08 11:15:04,root,112.85.42.232
2019-02-08 11:14:06,root,112.85.42.232
2019-02-08 11:13:50,cron,101.91.121.200
2019-02-08 11:13:49,cron,101.91.121.200
2019-02-08 11:13:05,root,112.85.42.232
2019-02-08 11:13:03,root,112.85.42.232
2019-02-08 11:13:00,root,112.85.42.232
2019-02-08 11:12:15,root,112.85.42.232
2019-02-08 11:12:07,root,112.85.42.232
2019-02-08 11:11:15,root,112.85.42.232
2019-02-08 11:11:13,root,112.85.42.232
2019-02-08 11:11:10,root,112.85.42.232
2019-02-08 11:08:58,root,112.85.42.232
2019-02-08 11:08:56,root,112.85.42.232
2019-02-08 11:08:54,root,112.85.42.232
2019-02-08 11:08:14,user,115.160.153.198
2019-02-08 11:08:09,user,115.160.153.198
2019-02-08 11:07:53,root,112.85.42.232
2019-02-08 11:07:51,root,112.85.42.232
2019-02-08 11:07:48,root,112.85.42.232
2019-02-08 11:05:43,root,112.85.42.232
2019-02-08 11:05:41,root,112.85.42.232
2019-02-08 11:05:39,root,112.85.42.232
2019-02-08 11:04:42,root,112.85.42.232
2019-02-08 11:04:40,root,112.85.42.232
2019-02-08 11:04:38,root,112.85.42.232
2019-02-08 11:03:39,root,112.85.42.232
2019-02-08 11:03:37,root,112.85.42.232
2019-02-08 11:03:35,root,112.85.42.232
2019-02-08 11:02:39,root,112.85.42.232
2019-02-08 11:02:37,root,112.85.42.232
2019-02-08 11:02:34,root,112.85.42.232
2019-02-08 11:00:32,root,112.85.42.232
2019-02-08 11:00:30,root,112.85.42.232
2019-02-08 11:00:26,root,112.85.42.232
2019-02-08 10:59:24,root,112.85.42.232
2019-02-08 10:59:22,root,112.85.42.232
2019-02-08 10:59:19,root,112.85.42.232
2019-02-08 10:51:59,root,112.85.42.232
2019-02-08 10:51:57,root,112.85.42.232
2019-02-08 10:51:55,root,112.85.42.232
2019-02-08 10:50:58,root,112.85.42.232
2019-02-08 10:50:56,root,112.85.42.232
2019-02-08 10:50:54,root,112.85.42.232
2019-02-08 10:49:59,root,112.85.42.232
2019-02-08 10:49:57,root,112.85.42.232
2019-02-08 10:49:55,root,112.85.42.232
2019-02-08 10:48:09,root,ec2-18-221-111-8
2019-02-08 10:46:46,root,112.85.42.232
2019-02-08 10:46:44,root,112.85.42.232
2019-02-08 10:46:42,root,112.85.42.232
2019-02-08 10:45:39,root,112.85.42.232
2019-02-08 10:45:36,root,112.85.42.232
2019-02-08 10:45:34,root,112.85.42.232
2019-02-08 10:42:40,root,112.85.42.232
2019-02-08 10:42:39,root,112.85.42.232
2019-02-08 10:42:37,root,112.85.42.232
2019-02-08 10:41:31,root,112.85.42.232
2019-02-08 10:41:29,root,112.85.42.232
2019-02-08 10:41:27,root,112.85.42.232
2019-02-08 10:40:44,root,115.230.127.92
2019-02-08 10:40:42,root,115.230.127.92
2019-02-08 10:40:40,root,115.230.127.92
2019-02-08 10:40:38,root,115.230.127.92
2019-02-08 10:40:35,root,115.230.127.92
2019-02-08 10:40:32,root,115.230.127.92
2019-02-08 10:40:31,root,115.230.127.92
2019-02-08 10:40:28,root,115.230.127.92
2019-02-08 10:40:27,root,112.85.42.232
2019-02-08 10:40:26,root,115.230.127.92
2019-02-08 10:40:25,root,112.85.42.232
2019-02-08 10:40:23,root,115.230.127.92
2019-02-08 10:40:22,root,112.85.42.232
2019-02-08 10:39:24,root,112.85.42.232
2019-02-08 10:39:21,root,112.85.42.232
2019-02-08 10:39:19,root,112.85.42.232
2019-02-08 10:38:20,root,112.85.42.232
2019-02-08 10:38:14,root,112.85.42.232
2019-02-08 10:37:19,root,112.85.42.232
2019-02-08 10:37:18,root,112.85.42.232
2019-02-08 10:37:16,root,112.85.42.232
2019-02-08 10:36:07,root,112.85.42.232
2019-02-08 10:36:05,root,112.85.42.232
2019-02-08 10:36:02,root,112.85.42.232
2019-02-08 10:35:15,root,112.85.42.232
2019-02-08 10:35:13,root,112.85.42.232
2019-02-08 10:35:11,root,112.85.42.232
2019-02-08 10:34:08,root,112.85.42.232
2019-02-08 10:34:06,root,112.85.42.232
2019-02-08 10:34:04,root,112.85.42.232
2019-02-08 10:33:03,root,112.85.42.232
2019-02-08 10:33:01,root,112.85.42.232
2019-02-08 10:32:58,root,112.85.42.232
2019-02-08 10:31:57,root,112.85.42.232
2019-02-08 10:31:55,root,112.85.42.232
2019-02-08 10:31:53,root,112.85.42.232
2019-02-08 10:30:59,root,112.85.42.232
2019-02-08 10:30:56,root,112.85.42.232
2019-02-08 10:30:54,root,112.85.42.232
2019-02-08 10:29:57,root,112.85.42.232
2019-02-08 10:29:54,root,112.85.42.232
2019-02-08 10:29:50,root,112.85.42.232
2019-02-08 10:27:57,root,112.85.42.232
2019-02-08 10:27:54,root,112.85.42.232
2019-02-08 10:27:50,root,112.85.42.232
2019-02-08 10:26:49,root,112.85.42.232
2019-02-08 10:26:47,root,112.85.42.232
2019-02-08 10:26:45,root,112.85.42.232
2019-02-08 10:24:39,root,112.85.42.232
2019-02-08 10:24:37,root,112.85.42.232
2019-02-08 10:24:35,root,112.85.42.232
2019-02-08 10:24:34,jenkins,117.255.216.106
2019-02-08 10:24:32,jenkins,117.255.216.106
2019-02-08 10:23:45,root,112.85.42.232
2019-02-08 10:23:41,root,112.85.42.232
2019-02-08 10:23:39,root,112.85.42.232
2019-02-08 10:22:32,root,112.85.42.232
2019-02-08 10:22:30,root,112.85.42.232
2019-02-08 10:22:28,root,112.85.42.232
2019-02-08 10:21:34,root,112.85.42.232
2019-02-08 10:21:33,root,112.85.42.232
2019-02-08 10:21:29,root,112.85.42.232
2019-02-08 10:20:26,root,112.85.42.232
2019-02-08 10:20:24,root,112.85.42.232
2019-02-08 10:20:22,root,112.85.42.232
2019-02-08 10:19:26,root,112.85.42.232
2019-02-08 10:19:23,root,112.85.42.232
2019-02-08 10:19:20,root,112.85.42.232
2019-02-08 10:18:26,root,112.85.42.232
2019-02-08 10:18:24,root,112.85.42.232
2019-02-08 10:18:22,root,112.85.42.232
2019-02-08 10:16:15,root,112.85.42.232
2019-02-08 10:16:13,root,112.85.42.232
2019-02-08 10:16:11,root,112.85.42.232
2019-02-08 10:15:14,root,112.85.42.232
2019-02-08 10:15:11,root,112.85.42.232
2019-02-08 10:15:10,root,112.85.42.232
2019-02-08 10:14:10,root,112.85.42.232
2019-02-08 10:14:08,root,112.85.42.232
2019-02-08 10:14:05,root,112.85.42.232
2019-02-08 10:12:02,root,cm-110-169-80-18
2019-02-08 10:10:58,root,112.85.42.232
2019-02-08 10:10:56,root,112.85.42.232
2019-02-08 10:10:53,root,112.85.42.232
2019-02-08 10:09:57,root,112.85.42.232
2019-02-08 10:09:55,root,112.85.42.232
2019-02-08 10:09:53,root,112.85.42.232
2019-02-08 10:08:53,root,112.85.42.232
2019-02-08 10:08:51,root,112.85.42.232
2019-02-08 10:08:49,root,112.85.42.232
2019-02-08 10:07:51,root,112.85.42.232
2019-02-08 10:07:49,root,112.85.42.232
2019-02-08 10:07:47,root,112.85.42.232
2019-02-08 10:06:49,root,112.85.42.232
2019-02-08 10:04:41,root,112.85.42.232
2019-02-08 10:04:38,root,112.85.42.232
2019-02-08 10:04:35,root,112.85.42.232
2019-02-08 10:03:40,root,112.85.42.232
2019-02-08 10:03:38,root,112.85.42.232
2019-02-08 10:03:36,root,112.85.42.232
2019-02-08 10:02:40,root,112.85.42.232
2019-02-08 10:02:38,root,112.85.42.232
2019-02-08 10:02:36,root,112.85.42.232
2019-02-08 10:01:34,root,112.85.42.232
2019-02-08 10:01:32,root,112.85.42.232
2019-02-08 10:01:29,root,112.85.42.232
2019-02-08 10:00:29,root,112.85.42.232
2019-02-08 10:00:26,root,112.85.42.232
2019-02-08 10:00:24,root,112.85.42.232
2019-02-08 09:59:25,root,112.85.42.232
2019-02-08 09:59:23,root,112.85.42.232
2019-02-08 09:59:21,root,112.85.42.232
2019-02-08 09:58:15,root,112.85.42.232
2019-02-08 09:58:13,root,112.85.42.232
2019-02-08 09:58:10,root,112.85.42.232
2019-02-08 09:57:19,root,112.85.42.232
2019-02-08 09:57:16,root,112.85.42.232
2019-02-08 09:57:14,root,112.85.42.232
2019-02-08 09:56:20,root,112.85.42.232
2019-02-08 09:56:18,root,112.85.42.232
2019-02-08 09:56:16,root,112.85.42.232
2019-02-08 09:55:16,root,112.85.42.232
2019-02-08 09:55:14,root,112.85.42.232
2019-02-08 09:55:11,root,112.85.42.232
2019-02-08 09:54:11,root,112.85.42.232
2019-02-08 09:54:09,root,112.85.42.232
2019-02-08 09:54:07,root,112.85.42.232
2019-02-08 09:53:10,root,112.85.42.232
2019-02-08 09:53:08,root,112.85.42.232
2019-02-08 09:53:06,root,112.85.42.232
2019-02-08 09:52:09,root,112.85.42.232
2019-02-08 09:52:07,root,112.85.42.232
2019-02-08 09:52:05,root,112.85.42.232
2019-02-08 09:51:07,root,112.85.42.232
2019-02-08 09:51:06,root,112.85.42.232
2019-02-08 09:51:03,root,112.85.42.232
2019-02-08 09:50:01,root,112.85.42.232
2019-02-08 09:49:59,root,112.85.42.232
2019-02-08 09:49:57,root,112.85.42.232
2019-02-08 09:48:55,root,112.85.42.232
2019-02-08 09:48:52,root,112.85.42.232
2019-02-08 09:48:50,root,112.85.42.232
2019-02-08 09:47:50,root,112.85.42.232
2019-02-08 09:47:47,root,112.85.42.232
2019-02-08 09:47:45,root,112.85.42.232
2019-02-08 09:46:54,root,112.85.42.232
2019-02-08 09:46:51,root,112.85.42.232
2019-02-08 09:46:49,root,112.85.42.232
2019-02-08 09:45:44,root,112.85.42.232
2019-02-08 09:45:42,root,112.85.42.232
2019-02-08 09:45:40,root,112.85.42.232
2019-02-08 09:44:41,root,112.85.42.232
2019-02-08 09:44:40,root,112.85.42.232
2019-02-08 09:44:38,root,112.85.42.232
2019-02-08 09:43:38,root,112.85.42.232
2019-02-08 09:43:35,root,112.85.42.232
2019-02-08 09:43:34,root,112.85.42.232
2019-02-08 09:42:37,root,112.85.42.232
2019-02-08 09:42:34,root,112.85.42.232
2019-02-08 09:42:32,root,112.85.42.232
2019-02-08 09:41:32,root,112.85.42.232
2019-02-08 09:41:30,root,112.85.42.232
2019-02-08 09:41:27,root,112.85.42.232
2019-02-08 09:40:27,root,112.85.42.232
2019-02-08 09:40:24,root,112.85.42.232
2019-02-08 09:40:22,root,112.85.42.232
2019-02-08 09:39:28,root,112.85.42.232
2019-02-08 09:39:25,root,112.85.42.232
2019-02-08 09:39:23,root,112.85.42.232
2019-02-08 09:39:07,public,190-82-73-92.sta
2019-02-08 09:39:05,public,190-82-73-92.sta
2019-02-08 09:38:17,root,112.85.42.232
2019-02-08 09:38:15,root,112.85.42.232
2019-02-08 09:38:13,root,112.85.42.232
2019-02-08 09:37:17,root,112.85.42.232
2019-02-08 09:37:14,root,112.85.42.232
2019-02-08 09:37:12,root,112.85.42.232
2019-02-08 09:35:08,root,112.85.42.232
2019-02-08 09:35:05,root,112.85.42.232
2019-02-08 09:35:03,root,112.85.42.232
2019-02-08 09:34:06,root,112.85.42.232
2019-02-08 09:34:04,root,112.85.42.232
2019-02-08 09:34:02,root,112.85.42.232
2019-02-08 09:33:08,root,112.85.42.232
2019-02-08 09:33:05,root,112.85.42.232
2019-02-08 09:33:03,root,112.85.42.232
2019-02-08 09:31:59,root,112.85.42.232
2019-02-08 09:31:57,root,112.85.42.232
2019-02-08 09:31:54,root,112.85.42.232
2019-02-08 09:30:57,root,112.85.42.232
2019-02-08 09:30:55,root,112.85.42.232
2019-02-08 09:30:53,root,112.85.42.232
2019-02-08 09:29:55,root,112.85.42.232
2019-02-08 09:29:53,root,112.85.42.232
2019-02-08 09:29:51,root,112.85.42.232
2019-02-08 09:28:50,root,112.85.42.232
2019-02-08 09:28:47,root,112.85.42.232
2019-02-08 09:28:45,root,112.85.42.232
2019-02-08 09:27:53,root,112.85.42.232
2019-02-08 09:27:49,root,112.85.42.232
2019-02-08 09:27:46,root,112.85.42.232
2019-02-08 09:26:46,root,112.85.42.232
2019-02-08 09:26:44,root,112.85.42.232
2019-02-08 09:26:43,root,112.85.42.232
2019-02-08 09:25:41,root,112.85.42.232
2019-02-08 09:25:38,root,112.85.42.232
2019-02-08 09:25:37,root,112.85.42.232
2019-02-08 09:24:43,root,112.85.42.232
2019-02-08 09:24:40,root,112.85.42.232
2019-02-08 09:24:38,root,112.85.42.232
2019-02-08 09:23:33,root,112.85.42.232
2019-02-08 09:23:31,root,112.85.42.232
2019-02-08 09:23:29,root,112.85.42.232
2019-02-08 09:22:28,root,112.85.42.232
2019-02-08 09:22:25,root,112.85.42.232
2019-02-08 09:22:23,root,112.85.42.232
2019-02-08 09:20:24,root,112.85.42.232
2019-02-08 09:20:22,root,112.85.42.232
2019-02-08 09:20:20,root,112.85.42.232
2019-02-08 09:19:22,root,112.85.42.232
2019-02-08 09:19:20,root,112.85.42.232
2019-02-08 09:19:18,root,112.85.42.232
2019-02-08 09:18:22,root,112.85.42.232
2019-02-08 09:18:20,root,112.85.42.232
2019-02-08 09:18:18,root,112.85.42.232
2019-02-08 09:17:22,root,112.85.42.232
2019-02-08 09:17:19,root,112.85.42.232
2019-02-08 09:17:17,root,112.85.42.232
2019-02-08 09:16:21,root,112.85.42.232
2019-02-08 09:16:19,root,112.85.42.232
2019-02-08 09:16:17,root,112.85.42.232
2019-02-08 09:15:08,root,112.85.42.232
2019-02-08 09:15:06,root,112.85.42.232
2019-02-08 09:15:04,root,112.85.42.232
2019-02-08 09:14:05,root,112.85.42.232
2019-02-08 09:14:03,root,112.85.42.232
2019-02-08 09:14:01,root,112.85.42.232
2019-02-08 09:12:57,root,112.85.42.232
2019-02-08 09:12:56,root,112.85.42.232
2019-02-08 09:12:54,root,112.85.42.232
2019-02-08 09:11:48,root,112.85.42.232
2019-02-08 09:11:46,root,112.85.42.232
2019-02-08 09:11:44,root,112.85.42.232
2019-02-08 09:10:39,root,112.85.42.232
2019-02-08 09:10:37,root,112.85.42.232
2019-02-08 09:10:35,root,112.85.42.232
2019-02-08 09:09:28,root,112.85.42.232
2019-02-08 09:09:25,root,112.85.42.232
2019-02-08 09:09:23,root,112.85.42.232
2019-02-08 09:08:16,root,112.85.42.232
2019-02-08 09:08:14,root,112.85.42.232
2019-02-08 09:08:12,root,112.85.42.232
2019-02-08 09:07:10,root,112.85.42.232
2019-02-08 09:07:07,root,112.85.42.232
2019-02-08 09:07:05,root,112.85.42.232
2019-02-08 09:06:05,root,112.85.42.232
2019-02-08 09:06:04,root,112.85.42.232
2019-02-08 09:06:02,root,112.85.42.232
2019-02-08 09:05:01,root,112.85.42.232
2019-02-08 09:04:59,root,112.85.42.232
2019-02-08 09:04:54,root,112.85.42.232
2019-02-08 09:04:00,root,112.85.42.232
2019-02-08 09:03:58,root,112.85.42.232
2019-02-08 09:03:54,root,112.85.42.232
2019-02-08 09:02:51,root,112.85.42.232
2019-02-08 09:02:48,root,112.85.42.232
2019-02-08 09:02:46,root,112.85.42.232
2019-02-08 09:01:46,root,112.85.42.232
2019-02-08 09:01:44,root,112.85.42.232
2019-02-08 09:01:41,root,112.85.42.232
2019-02-08 09:00:40,root,112.85.42.232
2019-02-08 09:00:38,root,112.85.42.232
2019-02-08 09:00:36,root,112.85.42.232
2019-02-08 08:59:39,root,112.85.42.232
2019-02-08 08:59:37,root,112.85.42.232
2019-02-08 08:59:35,root,112.85.42.232
2019-02-08 08:58:38,root,112.85.42.232
2019-02-08 08:58:35,root,112.85.42.232
2019-02-08 08:58:33,root,112.85.42.232
2019-02-08 08:57:34,root,112.85.42.232
2019-02-08 08:57:33,root,112.85.42.232
2019-02-08 08:57:30,root,112.85.42.232
2019-02-08 08:56:26,root,112.85.42.232
2019-02-08 08:56:23,root,112.85.42.232
2019-02-08 08:56:21,root,112.85.42.232
2019-02-08 08:55:26,root,112.85.42.232
2019-02-08 08:55:24,root,112.85.42.232
2019-02-08 08:55:21,root,112.85.42.232
2019-02-08 08:54:19,root,112.85.42.232
2019-02-08 08:54:17,root,112.85.42.232
2019-02-08 08:54:14,root,112.85.42.232
2019-02-08 08:53:16,root,112.85.42.232
2019-02-08 08:53:14,root,112.85.42.232
2019-02-08 08:53:12,root,112.85.42.232
2019-02-08 08:52:16,root,112.85.42.232
2019-02-08 08:52:15,root,112.85.42.232
2019-02-08 08:52:13,root,112.85.42.232
2019-02-08 08:51:14,root,112.85.42.232
2019-02-08 08:51:11,root,112.85.42.232
2019-02-08 08:51:09,root,112.85.42.232
2019-02-08 08:50:12,root,112.85.42.232
2019-02-08 08:50:10,root,112.85.42.232
2019-02-08 08:50:08,root,112.85.42.232
2019-02-08 08:49:08,root,112.85.42.232
2019-02-08 08:49:06,root,112.85.42.232
2019-02-08 08:49:04,root,112.85.42.232
2019-02-08 08:48:09,root,112.85.42.232
2019-02-08 08:48:07,root,112.85.42.232
2019-02-08 08:48:05,root,112.85.42.232
2019-02-08 08:47:04,root,112.85.42.232
2019-02-08 08:47:02,root,112.85.42.232
2019-02-08 08:47:00,root,112.85.42.232
2019-02-08 08:46:44,root,125.105.41.6
2019-02-08 08:46:42,root,125.105.41.6
2019-02-08 08:46:39,root,125.105.41.6
2019-02-08 08:46:38,root,125.105.41.6
2019-02-08 08:46:35,root,125.105.41.6
2019-02-08 08:46:33,root,125.105.41.6
2019-02-08 08:46:02,root,112.85.42.232
2019-02-08 08:46:00,root,112.85.42.232
2019-02-08 08:45:58,root,112.85.42.232
2019-02-08 08:44:57,root,112.85.42.232
2019-02-08 08:44:54,root,112.85.42.232
2019-02-08 08:44:52,root,112.85.42.232
2019-02-08 08:43:53,root,112.85.42.232
2019-02-08 08:43:51,root,112.85.42.232
2019-02-08 08:43:48,root,112.85.42.232
2019-02-08 08:42:51,root,112.85.42.232
2019-02-08 08:42:49,root,112.85.42.232
2019-02-08 08:42:46,root,112.85.42.232
2019-02-08 08:41:45,root,112.85.42.232
2019-02-08 08:41:43,root,112.85.42.232
2019-02-08 08:41:42,root,112.85.42.232
2019-02-08 08:41:21,root,124.197.72.234
2019-02-08 08:41:19,root,124.197.72.234
2019-02-08 08:41:17,root,124.197.72.234
2019-02-08 08:41:15,root,124.197.72.234
2019-02-08 08:41:13,root,124.197.72.234
2019-02-08 08:41:10,root,124.197.72.234
2019-02-08 08:40:44,root,112.85.42.232
2019-02-08 08:40:42,root,112.85.42.232
2019-02-08 08:40:40,root,112.85.42.232
2019-02-08 08:40:27,testuser,185.53.169.49
2019-02-08 08:40:25,testuser,185.53.169.49
2019-02-08 08:39:43,root,112.85.42.232
2019-02-08 08:39:41,root,112.85.42.232
2019-02-08 08:39:38,root,112.85.42.232
2019-02-08 08:38:37,root,112.85.42.232
2019-02-08 08:38:34,root,112.85.42.232
2019-02-08 08:38:32,root,112.85.42.232
2019-02-08 08:37:33,root,112.85.42.232
2019-02-08 08:37:31,root,112.85.42.232
2019-02-08 08:37:29,root,112.85.42.232
2019-02-08 08:36:25,root,112.85.42.232
2019-02-08 08:36:24,root,112.85.42.232
2019-02-08 08:36:21,root,112.85.42.232
2019-02-08 08:35:28,root,112.85.42.232
2019-02-08 08:35:26,root,112.85.42.232
2019-02-08 08:35:25,root,112.85.42.232
2019-02-08 08:34:26,root,112.85.42.232
2019-02-08 08:34:24,root,112.85.42.232
2019-02-08 08:34:21,root,112.85.42.232
2019-02-08 08:33:20,root,112.85.42.232
2019-02-08 08:33:17,root,112.85.42.232
2019-02-08 08:33:14,root,112.85.42.232
2019-02-08 08:32:16,root,112.85.42.232
2019-02-08 08:32:13,root,112.85.42.232
2019-02-08 08:32:11,root,112.85.42.232
2019-02-08 08:31:10,root,112.85.42.232
2019-02-08 08:31:07,root,112.85.42.232
2019-02-08 08:31:05,root,112.85.42.232
2019-02-08 08:30:05,root,112.85.42.232
2019-02-08 08:30:03,root,112.85.42.232
2019-02-08 08:30:01,root,112.85.42.232
2019-02-08 08:29:01,root,112.85.42.232
2019-02-08 08:28:59,root,112.85.42.232
2019-02-08 08:28:57,root,112.85.42.232
2019-02-08 08:28:02,root,112.85.42.232
2019-02-08 08:28:00,root,112.85.42.232
2019-02-08 08:27:57,root,112.85.42.232
2019-02-08 08:27:04,root,112.85.42.232
2019-02-08 08:27:02,root,112.85.42.232
2019-02-08 08:27:00,root,112.85.42.232
2019-02-08 08:25:57,root,112.85.42.232
2019-02-08 08:25:55,root,112.85.42.232
2019-02-08 08:25:52,root,112.85.42.232
2019-02-08 08:24:02,root,112.85.42.232
2019-02-08 08:23:46,root,112.85.42.232
2019-02-08 08:23:44,root,112.85.42.232
2019-02-08 08:22:36,root,112.85.42.232
2019-02-08 08:22:34,root,112.85.42.232
2019-02-08 08:19:20,root,112.85.42.232
2019-02-08 08:19:17,root,112.85.42.232
2019-02-08 08:19:15,root,112.85.42.232
2019-02-08 08:18:19,root,112.85.42.232
2019-02-08 08:18:17,root,112.85.42.232
2019-02-08 08:18:15,root,112.85.42.232
2019-02-08 08:17:12,root,112.85.42.232
2019-02-08 08:17:10,root,112.85.42.232
2019-02-08 08:17:07,root,112.85.42.232
2019-02-08 08:16:08,root,112.85.42.232
2019-02-08 08:16:06,root,112.85.42.232
2019-02-08 08:16:04,root,112.85.42.232
2019-02-08 08:14:05,root,112.85.42.232
2019-02-08 08:14:04,root,112.85.42.232
2019-02-08 08:14:02,root,112.85.42.232
2019-02-08 08:12:59,root,112.85.42.232
2019-02-08 08:12:56,root,112.85.42.232
2019-02-08 08:12:54,root,112.85.42.232
2019-02-08 08:11:58,root,112.85.42.232
2019-02-08 08:11:57,root,112.85.42.232
2019-02-08 08:11:54,root,112.85.42.232
2019-02-08 08:10:58,root,112.85.42.232
2019-02-08 08:10:56,root,112.85.42.232
2019-02-08 08:10:53,root,112.85.42.232
2019-02-08 08:08:50,root,112.85.42.232
2019-02-08 08:08:48,root,112.85.42.232
2019-02-08 08:08:46,root,112.85.42.232
2019-02-08 08:07:48,root,112.85.42.232
2019-02-08 08:07:45,root,112.85.42.232
2019-02-08 08:07:43,root,112.85.42.232
2019-02-08 08:06:42,root,112.85.42.232
2019-02-08 08:06:39,root,112.85.42.232
2019-02-08 08:06:37,root,112.85.42.232
2019-02-08 08:05:36,root,112.85.42.232
2019-02-08 08:05:34,root,112.85.42.232
2019-02-08 08:05:32,root,112.85.42.232
2019-02-08 08:04:36,root,112.85.42.232
2019-02-08 08:04:34,root,112.85.42.232
2019-02-08 08:04:32,root,112.85.42.232
2019-02-08 08:03:31,root,112.85.42.232
2019-02-08 08:03:29,root,112.85.42.232
2019-02-08 08:03:27,root,112.85.42.232
2019-02-08 08:02:23,root,112.85.42.232
2019-02-08 08:02:21,root,112.85.42.232
2019-02-08 08:02:19,root,112.85.42.232
2019-02-08 08:01:27,root,112.85.42.232
2019-02-08 08:01:24,root,112.85.42.232
2019-02-08 08:01:22,root,112.85.42.232
2019-02-08 08:00:28,root,112.85.42.232
2019-02-08 08:00:26,root,112.85.42.232
2019-02-08 08:00:23,root,112.85.42.232
2019-02-08 07:59:18,root,112.85.42.232
2019-02-08 07:59:16,root,112.85.42.232
2019-02-08 07:59:14,root,112.85.42.232
2019-02-08 07:58:26,root,112.85.42.232
2019-02-08 07:58:24,root,112.85.42.232
2019-02-08 07:58:19,root,112.85.42.232
2019-02-08 07:56:08,root,112.85.42.232
2019-02-08 07:56:07,root,112.85.42.232
2019-02-08 07:56:05,root,112.85.42.232
2019-02-08 07:55:11,root,112.85.42.232
2019-02-08 07:55:09,root,112.85.42.232
2019-02-08 07:55:07,root,112.85.42.232
2019-02-08 07:54:06,root,112.85.42.232
2019-02-08 07:54:03,root,112.85.42.232
2019-02-08 07:54:01,root,112.85.42.232
2019-02-08 07:52:00,root,112.85.42.232
2019-02-08 07:51:58,root,112.85.42.232
2019-02-08 07:51:56,root,112.85.42.232
2019-02-08 07:51:02,root,112.85.42.232
2019-02-08 07:51:01,root,112.85.42.232
2019-02-08 07:50:59,root,112.85.42.232
2019-02-08 07:50:12,admin,69.66.90.170
2019-02-08 07:50:10,admin,69.66.90.170
2019-02-08 07:49:58,root,112.85.42.232
2019-02-08 07:49:56,root,112.85.42.232
2019-02-08 07:49:54,root,112.85.42.232
2019-02-08 07:48:51,root,112.85.42.232
2019-02-08 07:48:49,root,112.85.42.232
2019-02-08 07:48:47,root,112.85.42.232
2019-02-08 07:47:45,root,112.85.42.232
2019-02-08 07:47:43,root,112.85.42.232
2019-02-08 07:47:41,root,112.85.42.232
2019-02-08 07:46:45,root,112.85.42.232
2019-02-08 07:46:43,root,112.85.42.232
2019-02-08 07:46:41,root,112.85.42.232
2019-02-08 07:45:37,root,112.85.42.232
2019-02-08 07:45:35,root,112.85.42.232
2019-02-08 07:45:32,root,112.85.42.232
2019-02-08 07:44:33,root,112.85.42.232
2019-02-08 07:44:32,root,112.85.42.232
2019-02-08 07:44:30,root,112.85.42.232
2019-02-08 07:43:29,root,112.85.42.232
2019-02-08 07:43:27,root,112.85.42.232
2019-02-08 07:43:25,root,112.85.42.232
2019-02-08 07:42:20,root,112.85.42.232
2019-02-08 07:42:18,root,112.85.42.232
2019-02-08 07:42:16,root,112.85.42.232
2019-02-08 07:41:19,root,112.85.42.232
2019-02-08 07:41:18,root,112.85.42.232
2019-02-08 07:41:15,root,112.85.42.232
2019-02-08 07:40:16,root,112.85.42.232
2019-02-08 07:40:14,root,112.85.42.232
2019-02-08 07:40:11,root,112.85.42.232
2019-02-08 07:39:11,root,112.85.42.232
2019-02-08 07:39:09,root,112.85.42.232
2019-02-08 07:39:06,root,112.85.42.232
2019-02-08 07:38:08,root,112.85.42.232
2019-02-08 07:38:06,root,112.85.42.232
2019-02-08 07:38:04,root,112.85.42.232
2019-02-08 07:37:12,root,112.85.42.232
2019-02-08 07:37:10,root,112.85.42.232
2019-02-08 07:37:08,root,112.85.42.232
2019-02-08 07:36:02,root,112.85.42.232
2019-02-08 07:36:00,root,112.85.42.232
2019-02-08 07:35:57,root,112.85.42.232
2019-02-08 07:35:03,root,112.85.42.232
2019-02-08 07:35:01,root,112.85.42.232
2019-02-08 07:34:59,root,112.85.42.232
2019-02-08 07:34:02,root,112.85.42.232
2019-02-08 07:33:59,root,112.85.42.232
2019-02-08 07:33:57,root,112.85.42.232
2019-02-08 07:32:58,root,112.85.42.232
2019-02-08 07:32:56,root,112.85.42.232
2019-02-08 07:32:54,root,112.85.42.232
2019-02-08 07:31:57,root,112.85.42.232
2019-02-08 07:31:55,root,112.85.42.232
2019-02-08 07:31:51,root,112.85.42.232
2019-02-08 07:30:50,root,112.85.42.232
2019-02-08 07:30:47,root,112.85.42.232
2019-02-08 07:30:45,root,112.85.42.232
2019-02-08 07:29:56,root,112.85.42.232
2019-02-08 07:29:53,root,112.85.42.232
2019-02-08 07:29:51,root,112.85.42.232
2019-02-08 07:28:42,root,112.85.42.232
2019-02-08 07:28:39,root,112.85.42.232
2019-02-08 07:28:38,root,112.85.42.232
2019-02-08 07:28:18,sybase,222.170.61.138
2019-02-08 07:28:16,sybase,222.170.61.138
2019-02-08 07:27:46,root,112.85.42.232
2019-02-08 07:27:44,root,112.85.42.232
2019-02-08 07:27:41,root,112.85.42.232
2019-02-08 07:26:45,root,112.85.42.232
2019-02-08 07:26:43,root,112.85.42.232
2019-02-08 07:26:40,root,112.85.42.232
2019-02-08 07:26:19,root,200.194.15.253
2019-02-08 07:26:17,root,200.194.15.253
2019-02-08 07:26:14,root,200.194.15.253
2019-02-08 07:25:59,root,31.13.203.237
2019-02-08 07:25:57,root,31.13.203.237
2019-02-08 07:25:55,root,31.13.203.237
2019-02-08 07:25:52,root,31.13.203.237
2019-02-08 07:25:50,root,31.13.203.237
2019-02-08 07:25:48,root,31.13.203.237
2019-02-08 07:25:36,root,112.85.42.232
2019-02-08 07:25:34,root,112.85.42.232
2019-02-08 07:25:32,root,112.85.42.232
2019-02-08 07:24:37,root,112.85.42.232
2019-02-08 07:24:34,root,112.85.42.232
2019-02-08 07:24:32,root,112.85.42.232
2019-02-08 07:24:17,root,218.92.1.168
2019-02-08 07:24:14,root,218.92.1.168
2019-02-08 07:24:11,root,218.92.1.168
2019-02-08 07:24:08,root,218.92.1.168
2019-02-08 07:24:05,root,218.92.1.168
2019-02-08 07:24:03,root,218.92.1.168
2019-02-08 07:23:56,root,218.92.1.168
2019-02-08 07:23:54,root,218.92.1.168
2019-02-08 07:23:51,root,218.92.1.168
2019-02-08 07:23:48,root,218.92.1.168
2019-02-08 07:23:45,root,218.92.1.168
2019-02-08 07:23:43,root,218.92.1.168
2019-02-08 07:23:39,root,218.92.1.168
2019-02-08 07:23:36,root,218.92.1.168
2019-02-08 07:23:33,root,218.92.1.168
2019-02-08 07:23:31,root,112.85.42.232
2019-02-08 07:23:31,root,218.92.1.168
2019-02-08 07:23:29,root,112.85.42.232
2019-02-08 07:23:28,root,218.92.1.168
2019-02-08 07:23:27,root,112.85.42.232
2019-02-08 07:23:25,root,218.92.1.168
2019-02-08 07:23:18,root,218.92.1.168
2019-02-08 07:23:15,root,218.92.1.168
2019-02-08 07:23:12,root,218.92.1.168
2019-02-08 07:23:10,root,218.92.1.168
2019-02-08 07:23:08,root,218.92.1.168
2019-02-08 07:23:05,root,218.92.1.168
2019-02-08 07:23:00,root,218.92.1.168
2019-02-08 07:22:57,root,218.92.1.168
2019-02-08 07:22:55,root,218.92.1.168
2019-02-08 07:22:52,root,218.92.1.168
2019-02-08 07:22:49,root,218.92.1.168
2019-02-08 07:22:47,root,218.92.1.168
2019-02-08 07:22:42,root,218.92.1.168
2019-02-08 07:22:39,root,218.92.1.168
2019-02-08 07:22:36,root,218.92.1.168
2019-02-08 07:22:34,root,218.92.1.168
2019-02-08 07:22:32,root,112.85.42.232
2019-02-08 07:22:31,root,218.92.1.168
2019-02-08 07:22:30,root,112.85.42.232
2019-02-08 07:22:28,root,218.92.1.168
2019-02-08 07:22:27,root,112.85.42.232
2019-02-08 07:22:23,root,218.92.1.168
2019-02-08 07:22:20,root,218.92.1.168
2019-02-08 07:22:18,root,218.92.1.168
2019-02-08 07:22:15,root,218.92.1.168
2019-02-08 07:22:12,root,218.92.1.168
2019-02-08 07:22:09,root,218.92.1.168
2019-02-08 07:22:05,root,218.92.1.168
2019-02-08 07:22:02,root,218.92.1.168
2019-02-08 07:21:59,root,218.92.1.168
2019-02-08 07:21:56,root,218.92.1.168
2019-02-08 07:21:53,root,218.92.1.168
2019-02-08 07:21:50,root,218.92.1.168
2019-02-08 07:21:44,root,218.92.1.168
2019-02-08 07:21:41,root,218.92.1.168
2019-02-08 07:21:39,root,218.92.1.168
2019-02-08 07:21:36,root,218.92.1.168
2019-02-08 07:21:33,root,218.92.1.168
2019-02-08 07:21:30,root,218.92.1.168
2019-02-08 07:21:26,root,112.85.42.232
2019-02-08 07:21:25,root,218.92.1.168
2019-02-08 07:21:25,root,112.85.42.232
2019-02-08 07:21:22,root,218.92.1.168
2019-02-08 07:21:22,root,112.85.42.232
2019-02-08 07:21:19,root,218.92.1.168
2019-02-08 07:21:16,root,218.92.1.168
2019-02-08 07:21:13,root,218.92.1.168
2019-02-08 07:21:11,root,218.92.1.168
2019-02-08 07:21:06,root,218.92.1.168
2019-02-08 07:21:04,root,218.92.1.168
2019-02-08 07:21:01,root,218.92.1.168
2019-02-08 07:20:58,root,218.92.1.168
2019-02-08 07:20:55,root,218.92.1.168
2019-02-08 07:20:53,root,218.92.1.168
2019-02-08 07:20:46,root,218.92.1.168
2019-02-08 07:20:43,root,218.92.1.168
2019-02-08 07:20:42,root,218.92.1.168
2019-02-08 07:20:38,root,218.92.1.168
2019-02-08 07:20:35,root,218.92.1.168
2019-02-08 07:20:33,root,218.92.1.168
2019-02-08 07:20:23,root,112.85.42.232
2019-02-08 07:20:20,root,112.85.42.232
2019-02-08 07:20:19,root,218.92.1.168
2019-02-08 07:20:19,root,112.85.42.232
2019-02-08 07:20:16,root,218.92.1.168
2019-02-08 07:20:14,root,218.92.1.168
2019-02-08 07:20:11,root,218.92.1.168
2019-02-08 07:20:09,root,218.92.1.168
2019-02-08 07:20:07,root,218.92.1.168
2019-02-08 07:19:59,root,218.92.1.168
2019-02-08 07:19:57,root,218.92.1.168
2019-02-08 07:19:55,root,218.92.1.168
2019-02-08 07:19:52,root,218.92.1.168
2019-02-08 07:19:49,root,218.92.1.168
2019-02-08 07:19:47,root,218.92.1.168
2019-02-08 07:19:43,root,218.92.1.168
2019-02-08 07:19:40,root,218.92.1.168
2019-02-08 07:19:37,root,218.92.1.168
2019-02-08 07:19:35,root,218.92.1.168
2019-02-08 07:19:32,root,218.92.1.168
2019-02-08 07:19:30,root,218.92.1.168
2019-02-08 07:19:25,root,218.92.1.168
2019-02-08 07:19:22,root,218.92.1.168
2019-02-08 07:19:22,root,112.85.42.232
2019-02-08 07:19:20,root,112.85.42.232
2019-02-08 07:19:19,root,218.92.1.168
2019-02-08 07:19:18,root,112.85.42.232
2019-02-08 07:19:17,root,218.92.1.168
2019-02-08 07:19:14,root,218.92.1.168
2019-02-08 07:19:12,root,218.92.1.168
2019-02-08 07:19:08,root,218.92.1.168
2019-02-08 07:19:05,root,218.92.1.168
2019-02-08 07:19:02,root,218.92.1.168
2019-02-08 07:19:00,root,218.92.1.168
2019-02-08 07:18:58,root,218.92.1.168
2019-02-08 07:18:55,root,218.92.1.168
2019-02-08 07:18:51,root,218.92.1.168
2019-02-08 07:18:48,root,218.92.1.168
2019-02-08 07:18:46,root,218.92.1.168
2019-02-08 07:18:43,root,218.92.1.168
2019-02-08 07:18:41,root,218.92.1.168
2019-02-08 07:18:39,root,218.92.1.168
2019-02-08 07:18:35,root,218.92.1.168
2019-02-08 07:18:32,root,218.92.1.168
2019-02-08 07:18:29,root,218.92.1.168
2019-02-08 07:18:27,root,218.92.1.168
2019-02-08 07:18:23,root,218.92.1.168
2019-02-08 07:18:20,root,218.92.1.168
2019-02-08 07:18:20,root,112.85.42.232
2019-02-08 07:18:18,root,112.85.42.232
2019-02-08 07:18:16,root,112.85.42.232
2019-02-08 07:18:14,root,218.92.1.168
2019-02-08 07:18:12,root,218.92.1.168
2019-02-08 07:18:09,root,218.92.1.168
2019-02-08 07:18:07,root,218.92.1.168
2019-02-08 07:18:04,root,218.92.1.168
2019-02-08 07:18:02,root,218.92.1.168
2019-02-08 07:17:57,root,218.92.1.168
2019-02-08 07:17:54,root,218.92.1.168
2019-02-08 07:17:52,root,218.92.1.168
2019-02-08 07:17:49,root,218.92.1.168
2019-02-08 07:17:46,root,218.92.1.168
2019-02-08 07:17:43,root,218.92.1.168
2019-02-08 07:17:40,root,218.92.1.168
2019-02-08 07:17:37,root,218.92.1.168
2019-02-08 07:17:35,root,218.92.1.168
2019-02-08 07:17:31,root,218.92.1.168
2019-02-08 07:17:30,root,218.92.1.168
2019-02-08 07:17:27,root,218.92.1.168
2019-02-08 07:17:22,root,218.92.1.168
2019-02-08 07:17:19,root,218.92.1.168
2019-02-08 07:17:18,root,112.85.42.232
2019-02-08 07:17:16,root,218.92.1.168
2019-02-08 07:17:16,root,112.85.42.232
2019-02-08 07:17:15,root,112.85.42.232
2019-02-08 07:17:14,root,218.92.1.168
2019-02-08 07:17:11,root,218.92.1.168
2019-02-08 07:17:08,root,218.92.1.168
2019-02-08 07:17:04,root,218.92.1.168
2019-02-08 07:17:03,admin,93.95.175.6
2019-02-08 07:17:02,root,218.92.1.168
2019-02-08 07:17:01,admin,93.95.175.6
2019-02-08 07:16:59,root,218.92.1.168
2019-02-08 07:16:56,root,218.92.1.168
2019-02-08 07:16:54,root,218.92.1.168
2019-02-08 07:16:52,root,218.92.1.168
2019-02-08 07:16:48,root,218.92.1.168
2019-02-08 07:16:45,root,218.92.1.168
2019-02-08 07:16:42,root,218.92.1.168
2019-02-08 07:16:40,root,218.92.1.168
2019-02-08 07:16:37,root,218.92.1.168
2019-02-08 07:16:34,root,218.92.1.168
2019-02-08 07:16:30,root,218.92.1.168
2019-02-08 07:16:26,root,218.92.1.168
2019-02-08 07:16:23,root,218.92.1.168
2019-02-08 07:16:21,root,218.92.1.168
2019-02-08 07:16:18,root,218.92.1.168
2019-02-08 07:16:16,root,112.85.42.232
2019-02-08 07:16:16,root,218.92.1.168
2019-02-08 07:16:14,root,112.85.42.232
2019-02-08 07:16:11,root,112.85.42.232
2019-02-08 07:16:10,root,218.92.1.168
2019-02-08 07:16:08,root,218.92.1.168
2019-02-08 07:16:05,root,218.92.1.168
2019-02-08 07:16:02,root,218.92.1.168
2019-02-08 07:15:59,root,218.92.1.168
2019-02-08 07:15:56,root,218.92.1.168
2019-02-08 07:15:52,root,218.92.1.168
2019-02-08 07:15:50,root,218.92.1.168
2019-02-08 07:15:46,root,218.92.1.168
2019-02-08 07:15:44,root,218.92.1.168
2019-02-08 07:15:41,root,218.92.1.168
2019-02-08 07:15:39,root,218.92.1.168
2019-02-08 07:15:34,root,218.92.1.168
2019-02-08 07:15:32,root,218.92.1.168
2019-02-08 07:15:29,root,218.92.1.168
2019-02-08 07:15:27,root,218.92.1.168
2019-02-08 07:15:24,root,218.92.1.168
2019-02-08 07:15:21,root,218.92.1.168
2019-02-08 07:15:17,root,218.92.1.168
2019-02-08 07:15:15,root,112.85.42.232
2019-02-08 07:15:14,root,218.92.1.168
2019-02-08 07:15:12,root,112.85.42.232
2019-02-08 07:15:11,root,218.92.1.168
2019-02-08 07:15:10,root,112.85.42.232
2019-02-08 07:15:08,root,218.92.1.168
2019-02-08 07:15:06,root,218.92.1.168
2019-02-08 07:15:03,root,218.92.1.168
2019-02-08 07:14:58,root,218.92.1.168
2019-02-08 07:14:56,root,218.92.1.168
2019-02-08 07:14:52,root,218.92.1.168
2019-02-08 07:14:49,root,218.92.1.168
2019-02-08 07:14:47,root,218.92.1.168
2019-02-08 07:14:43,root,218.92.1.168
2019-02-08 07:14:31,root,218.92.1.168
2019-02-08 07:14:28,root,218.92.1.168
2019-02-08 07:14:26,root,218.92.1.168
2019-02-08 07:14:23,root,218.92.1.168
2019-02-08 07:14:21,root,218.92.1.168
2019-02-08 07:14:18,root,218.92.1.168
2019-02-08 07:14:14,root,112.85.42.232
2019-02-08 07:14:13,root,218.92.1.168
2019-02-08 07:14:12,root,112.85.42.232
2019-02-08 07:14:11,root,218.92.1.168
2019-02-08 07:14:10,root,112.85.42.232
2019-02-08 07:14:07,root,218.92.1.168
2019-02-08 07:14:04,root,218.92.1.168
2019-02-08 07:14:02,root,218.92.1.168
2019-02-08 07:13:59,root,218.92.1.168
2019-02-08 07:13:53,root,218.92.1.168
2019-02-08 07:13:50,root,218.92.1.168
2019-02-08 07:13:48,root,218.92.1.168
2019-02-08 07:13:45,root,218.92.1.168
2019-02-08 07:13:43,root,218.92.1.168
2019-02-08 07:13:40,root,218.92.1.168
2019-02-08 07:13:34,root,218.92.1.168
2019-02-08 07:13:32,root,218.92.1.168
2019-02-08 07:13:29,root,218.92.1.168
2019-02-08 07:13:26,root,218.92.1.168
2019-02-08 07:13:24,root,218.92.1.168
2019-02-08 07:13:21,root,218.92.1.168
2019-02-08 07:13:18,root,218.92.1.168
2019-02-08 07:13:15,root,218.92.1.168
2019-02-08 07:13:13,root,218.92.1.168
2019-02-08 07:13:10,root,218.92.1.168
2019-02-08 07:13:08,root,112.85.42.232
2019-02-08 07:13:08,root,218.92.1.168
2019-02-08 07:13:05,root,112.85.42.232
2019-02-08 07:13:04,root,218.92.1.168
2019-02-08 07:13:03,root,112.85.42.232
2019-02-08 07:13:00,root,218.92.1.168
2019-02-08 07:12:57,root,218.92.1.168
2019-02-08 07:12:55,root,218.92.1.168
2019-02-08 07:12:53,root,218.92.1.168
2019-02-08 07:12:50,root,218.92.1.168
2019-02-08 07:12:48,root,218.92.1.168
2019-02-08 07:12:43,root,218.92.1.168
2019-02-08 07:12:41,root,218.92.1.168
2019-02-08 07:12:38,root,218.92.1.168
2019-02-08 07:12:36,root,218.92.1.168
2019-02-08 07:12:33,root,218.92.1.168
2019-02-08 07:12:30,root,218.92.1.168
2019-02-08 07:12:24,root,218.92.1.168
2019-02-08 07:12:21,root,218.92.1.168
2019-02-08 07:12:19,root,218.92.1.168
2019-02-08 07:12:16,root,218.92.1.168
2019-02-08 07:12:14,root,218.92.1.168
2019-02-08 07:12:11,root,218.92.1.168
2019-02-08 07:12:07,root,218.92.1.168
2019-02-08 07:12:05,root,112.85.42.232
2019-02-08 07:12:04,root,218.92.1.168
2019-02-08 07:12:03,root,112.85.42.232
2019-02-08 07:12:01,root,218.92.1.168
2019-02-08 07:12:01,root,112.85.42.232
2019-02-08 07:11:59,root,218.92.1.168
2019-02-08 07:11:56,root,218.92.1.168
2019-02-08 07:11:53,root,218.92.1.168
2019-02-08 07:11:49,root,218.92.1.168
2019-02-08 07:11:46,root,218.92.1.168
2019-02-08 07:11:44,root,218.92.1.168
2019-02-08 07:11:40,root,218.92.1.168
2019-02-08 07:11:38,root,218.92.1.168
2019-02-08 07:11:35,root,218.92.1.168
2019-02-08 07:11:30,root,218.92.1.168
2019-02-08 07:11:28,root,218.92.1.168
2019-02-08 07:11:25,root,218.92.1.168
2019-02-08 07:11:23,root,218.92.1.168
2019-02-08 07:11:20,root,218.92.1.168
2019-02-08 07:11:17,root,218.92.1.168
2019-02-08 07:11:13,root,218.92.1.168
2019-02-08 07:11:11,root,218.92.1.168
2019-02-08 07:11:08,root,218.92.1.168
2019-02-08 07:11:05,root,218.92.1.168
2019-02-08 07:11:04,root,112.85.42.232
2019-02-08 07:11:02,root,112.85.42.232
2019-02-08 07:11:02,root,218.92.1.168
2019-02-08 07:11:00,root,112.85.42.232
2019-02-08 07:10:59,root,218.92.1.168
2019-02-08 07:10:55,root,218.92.1.168
2019-02-08 07:10:53,root,218.92.1.168
2019-02-08 07:10:50,root,218.92.1.168
2019-02-08 07:10:47,root,218.92.1.168
2019-02-08 07:10:44,root,218.92.1.168
2019-02-08 07:10:42,root,218.92.1.168
2019-02-08 07:10:35,root,218.92.1.168
2019-02-08 07:10:32,root,218.92.1.168
2019-02-08 07:10:29,root,218.92.1.168
2019-02-08 07:10:27,root,218.92.1.168
2019-02-08 07:10:24,root,218.92.1.168
2019-02-08 07:10:21,root,218.92.1.168
2019-02-08 07:10:16,root,218.92.1.168
2019-02-08 07:10:14,root,218.92.1.168
2019-02-08 07:10:11,root,218.92.1.168
2019-02-08 07:10:08,root,218.92.1.168
2019-02-08 07:10:05,root,218.92.1.168
2019-02-08 07:10:03,root,112.85.42.232
2019-02-08 07:10:03,root,218.92.1.168
2019-02-08 07:09:59,root,218.92.1.168
2019-02-08 07:09:58,root,112.85.42.232
2019-02-08 07:09:56,root,218.92.1.168
2019-02-08 07:09:56,root,112.85.42.232
2019-02-08 07:09:54,root,218.92.1.168
2019-02-08 07:09:51,root,218.92.1.168
2019-02-08 07:09:48,root,218.92.1.168
2019-02-08 07:09:45,root,218.92.1.168
2019-02-08 07:09:41,root,218.92.1.168
2019-02-08 07:09:38,root,218.92.1.168
2019-02-08 07:09:35,root,218.92.1.168
2019-02-08 07:09:33,root,218.92.1.168
2019-02-08 07:09:30,root,218.92.1.168
2019-02-08 07:09:27,root,218.92.1.168
2019-02-08 07:09:21,root,218.92.1.168
2019-02-08 07:09:19,root,218.92.1.168
2019-02-08 07:09:16,root,218.92.1.168
2019-02-08 07:09:13,root,218.92.1.168
2019-02-08 07:09:10,root,218.92.1.168
2019-02-08 07:09:07,root,218.92.1.168
2019-02-08 07:09:04,root,218.92.1.168
2019-02-08 07:09:01,root,218.92.1.168
2019-02-08 07:08:57,root,218.92.1.168
2019-02-08 07:08:57,root,112.85.42.232
2019-02-08 07:08:55,root,112.85.42.232
2019-02-08 07:08:55,root,218.92.1.168
2019-02-08 07:08:53,root,112.85.42.232
2019-02-08 07:08:52,root,218.92.1.168
2019-02-08 07:08:49,root,218.92.1.168
2019-02-08 07:08:44,root,218.92.1.168
2019-02-08 07:08:41,root,218.92.1.168
2019-02-08 07:08:38,root,218.92.1.168
2019-02-08 07:08:35,root,218.92.1.168
2019-02-08 07:08:33,root,218.92.1.168
2019-02-08 07:08:30,root,218.92.1.168
2019-02-08 07:08:26,root,218.92.1.168
2019-02-08 07:08:23,root,218.92.1.168
2019-02-08 07:08:21,root,218.92.1.168
2019-02-08 07:08:18,root,218.92.1.168
2019-02-08 07:08:15,root,218.92.1.168
2019-02-08 07:08:12,root,218.92.1.168
2019-02-08 07:08:09,root,218.92.1.168
2019-02-08 07:08:06,root,218.92.1.168
2019-02-08 07:08:03,root,218.92.1.168
2019-02-08 07:08:01,root,218.92.1.168
2019-02-08 07:07:57,root,218.92.1.168
2019-02-08 07:07:54,root,218.92.1.168
2019-02-08 07:07:50,root,112.85.42.232
2019-02-08 07:07:49,root,218.92.1.168
2019-02-08 07:07:49,root,112.85.42.232
2019-02-08 07:07:47,root,218.92.1.168
2019-02-08 07:07:47,root,112.85.42.232
2019-02-08 07:07:44,root,218.92.1.168
2019-02-08 07:07:42,root,218.92.1.168
2019-02-08 07:07:39,root,218.92.1.168
2019-02-08 07:07:37,root,218.92.1.168
2019-02-08 07:07:32,root,218.92.1.168
2019-02-08 07:07:30,root,218.92.1.168
2019-02-08 07:07:27,root,218.92.1.168
2019-02-08 07:07:25,root,218.92.1.168
2019-02-08 07:07:22,root,218.92.1.168
2019-02-08 07:07:19,root,218.92.1.168
2019-02-08 07:07:14,root,218.92.1.168
2019-02-08 07:07:11,root,218.92.1.168
2019-02-08 07:07:08,root,218.92.1.168
2019-02-08 07:07:06,root,218.92.1.168
2019-02-08 07:07:03,root,218.92.1.168
2019-02-08 07:07:00,root,218.92.1.168
2019-02-08 07:06:56,root,218.92.1.168
2019-02-08 07:06:54,root,218.92.1.168
2019-02-08 07:06:51,root,218.92.1.168
2019-02-08 07:06:49,root,218.92.1.168
2019-02-08 07:06:45,root,218.92.1.168
2019-02-08 07:06:44,root,112.85.42.232
2019-02-08 07:06:42,root,112.85.42.232
2019-02-08 07:06:42,root,218.92.1.168
2019-02-08 07:06:40,root,112.85.42.232
2019-02-08 07:06:36,root,218.92.1.168
2019-02-08 07:06:34,root,218.92.1.168
2019-02-08 07:06:32,root,218.92.1.168
2019-02-08 07:06:30,root,218.92.1.168
2019-02-08 07:06:27,root,218.92.1.168
2019-02-08 07:06:25,root,218.92.1.168
2019-02-08 07:06:20,root,218.92.1.168
2019-02-08 07:06:18,root,218.92.1.168
2019-02-08 07:06:15,root,218.92.1.168
2019-02-08 07:06:12,root,218.92.1.168
2019-02-08 07:06:10,root,218.92.1.168
2019-02-08 07:06:07,root,218.92.1.168
2019-02-08 07:06:03,root,218.92.1.168
2019-02-08 07:06:01,root,218.92.1.168
2019-02-08 07:05:58,root,218.92.1.168
2019-02-08 07:05:56,root,218.92.1.168
2019-02-08 07:05:54,root,218.92.1.168
2019-02-08 07:05:51,root,218.92.1.168
2019-02-08 07:05:45,root,112.85.42.232
2019-02-08 07:05:44,root,218.92.1.168
2019-02-08 07:05:42,root,218.92.1.168
2019-02-08 07:05:40,root,112.85.42.232
2019-02-08 07:05:38,root,218.92.1.168
2019-02-08 07:05:38,root,112.85.42.232
2019-02-08 07:05:36,root,218.92.1.168
2019-02-08 07:05:33,root,218.92.1.168
2019-02-08 07:05:31,root,218.92.1.168
2019-02-08 07:05:25,root,218.92.1.168
2019-02-08 07:05:23,root,218.92.1.168
2019-02-08 07:05:20,root,218.92.1.168
2019-02-08 07:05:18,root,218.92.1.168
2019-02-08 07:05:15,root,218.92.1.168
2019-02-08 07:05:12,root,218.92.1.168
2019-02-08 07:05:08,root,218.92.1.168
2019-02-08 07:05:06,root,218.92.1.168
2019-02-08 07:05:03,root,218.92.1.168
2019-02-08 07:05:00,root,218.92.1.168
2019-02-08 07:04:57,root,218.92.1.168
2019-02-08 07:04:55,root,218.92.1.168
2019-02-08 07:04:50,root,218.92.1.168
2019-02-08 07:04:48,root,218.92.1.168
2019-02-08 07:04:45,root,218.92.1.168
2019-02-08 07:04:42,root,218.92.1.168
2019-02-08 07:04:39,root,218.92.1.168
2019-02-08 07:04:37,root,112.85.42.232
2019-02-08 07:04:36,root,218.92.1.168
2019-02-08 07:04:32,root,218.92.1.168
2019-02-08 07:04:29,root,218.92.1.168
2019-02-08 07:04:27,root,218.92.1.168
2019-02-08 07:04:24,root,218.92.1.168
2019-02-08 07:04:22,root,218.92.1.168
2019-02-08 07:04:19,root,218.92.1.168
2019-02-08 07:04:15,root,218.92.1.168
2019-02-08 07:04:12,root,218.92.1.168
2019-02-08 07:04:11,root,218.92.1.168
2019-02-08 07:04:07,root,218.92.1.168
2019-02-08 07:04:05,root,218.92.1.168
2019-02-08 07:04:02,root,218.92.1.168
2019-02-08 07:03:57,root,218.92.1.168
2019-02-08 07:03:55,root,218.92.1.168
2019-02-08 07:03:52,root,218.92.1.168
2019-02-08 07:03:50,root,218.92.1.168
2019-02-08 07:03:47,root,218.92.1.168
2019-02-08 07:03:44,root,218.92.1.168
2019-02-08 07:03:40,root,218.92.1.168
2019-02-08 07:03:37,root,218.92.1.168
2019-02-08 07:03:34,root,218.92.1.168
2019-02-08 07:03:31,root,218.92.1.168
2019-02-08 07:03:28,root,218.92.1.168
2019-02-08 07:03:28,root,112.85.42.232
2019-02-08 07:03:26,root,218.92.1.168
2019-02-08 07:03:25,root,112.85.42.232
2019-02-08 07:03:23,root,112.85.42.232
2019-02-08 07:03:21,root,218.92.1.168
2019-02-08 07:03:18,root,218.92.1.168
2019-02-08 07:03:16,root,218.92.1.168
2019-02-08 07:03:13,root,218.92.1.168
2019-02-08 07:03:10,root,218.92.1.168
2019-02-08 07:03:07,root,218.92.1.168
2019-02-08 07:03:01,root,218.92.1.168
2019-02-08 07:02:58,root,218.92.1.168
2019-02-08 07:02:54,root,218.92.1.168
2019-02-08 07:02:51,root,218.92.1.168
2019-02-08 07:02:49,root,218.92.1.168
2019-02-08 07:02:46,root,218.92.1.168
2019-02-08 07:02:41,root,218.92.1.168
2019-02-08 07:02:39,root,218.92.1.168
2019-02-08 07:02:36,root,218.92.1.168
2019-02-08 07:02:33,root,218.92.1.168
2019-02-08 07:02:30,root,218.92.1.168
2019-02-08 07:02:27,root,218.92.1.168
2019-02-08 07:02:25,root,112.85.42.232
2019-02-08 07:02:22,root,112.85.42.232
2019-02-08 07:02:22,root,218.92.1.168
2019-02-08 07:02:20,root,112.85.42.232
2019-02-08 07:02:19,root,218.92.1.168
2019-02-08 07:02:16,root,218.92.1.168
2019-02-08 07:02:13,root,218.92.1.168
2019-02-08 07:02:10,root,218.92.1.168
2019-02-08 07:02:07,root,218.92.1.168
2019-02-08 07:02:03,root,218.92.1.168
2019-02-08 07:02:00,root,218.92.1.168
2019-02-08 07:01:57,root,218.92.1.168
2019-02-08 07:01:55,root,218.92.1.168
2019-02-08 07:01:52,root,218.92.1.168
2019-02-08 07:01:50,root,218.92.1.168
2019-02-08 07:01:45,root,218.92.1.168
2019-02-08 07:01:42,root,218.92.1.168
2019-02-08 07:01:39,root,218.92.1.168
2019-02-08 07:01:36,root,218.92.1.168
2019-02-08 07:01:33,root,218.92.1.168
2019-02-08 07:01:30,root,218.92.1.168
2019-02-08 07:01:25,root,218.92.1.168
2019-02-08 07:01:22,root,218.92.1.168
2019-02-08 07:01:19,root,218.92.1.168
2019-02-08 07:01:18,root,112.85.42.232
2019-02-08 07:01:16,root,218.92.1.168
2019-02-08 07:01:15,root,112.85.42.232
2019-02-08 07:01:14,root,112.85.42.232
2019-02-08 07:01:13,root,218.92.1.168
2019-02-08 07:01:11,root,218.92.1.168
2019-02-08 07:01:06,root,218.92.1.168
2019-02-08 07:01:04,root,218.92.1.168
2019-02-08 07:01:01,root,218.92.1.168
2019-02-08 07:00:58,root,218.92.1.168
2019-02-08 07:00:55,root,218.92.1.168
2019-02-08 07:00:53,root,218.92.1.168
2019-02-08 07:00:38,root,218.92.1.168
2019-02-08 07:00:36,root,218.92.1.168
2019-02-08 07:00:33,root,218.92.1.168
2019-02-08 07:00:30,root,218.92.1.168
2019-02-08 07:00:27,root,218.92.1.168
2019-02-08 07:00:24,root,218.92.1.168
2019-02-08 07:00:19,root,218.92.1.168
2019-02-08 07:00:17,root,218.92.1.168
2019-02-08 07:00:14,root,112.85.42.232
2019-02-08 07:00:14,root,218.92.1.168
2019-02-08 07:00:12,root,218.92.1.168
2019-02-08 07:00:12,root,112.85.42.232
2019-02-08 07:00:10,root,218.92.1.168
2019-02-08 07:00:09,root,112.85.42.232
2019-02-08 07:00:08,root,218.92.1.168
2019-02-08 07:00:04,root,218.92.1.168
2019-02-08 07:00:01,root,218.92.1.168
2019-02-08 06:59:58,root,218.92.1.168
2019-02-08 06:59:56,root,218.92.1.168
2019-02-08 06:59:53,root,218.92.1.168
2019-02-08 06:59:50,root,218.92.1.168
2019-02-08 06:59:47,root,218.92.1.168
2019-02-08 06:59:44,root,218.92.1.168
2019-02-08 06:59:42,root,218.92.1.168
2019-02-08 06:59:39,root,218.92.1.168
2019-02-08 06:59:37,root,218.92.1.168
2019-02-08 06:59:34,root,218.92.1.168
2019-02-08 06:59:29,root,218.92.1.168
2019-02-08 06:59:26,root,218.92.1.168
2019-02-08 06:59:23,root,218.92.1.168
2019-02-08 06:59:21,root,218.92.1.168
2019-02-08 06:59:18,root,218.92.1.168
2019-02-08 06:59:16,root,218.92.1.168
2019-02-08 06:59:12,root,112.85.42.232
2019-02-08 06:59:12,root,218.92.1.168
2019-02-08 06:59:10,root,112.85.42.232
2019-02-08 06:59:09,root,218.92.1.168
2019-02-08 06:59:08,root,112.85.42.232
2019-02-08 06:59:07,root,218.92.1.168
2019-02-08 06:59:05,root,218.92.1.168
2019-02-08 06:59:02,root,218.92.1.168
2019-02-08 06:58:59,root,218.92.1.168
2019-02-08 06:58:54,root,218.92.1.168
2019-02-08 06:58:51,root,218.92.1.168
2019-02-08 06:58:48,root,218.92.1.168
2019-02-08 06:58:46,root,218.92.1.168
2019-02-08 06:58:43,root,218.92.1.168
2019-02-08 06:58:41,root,218.92.1.168
2019-02-08 06:58:36,root,218.92.1.168
2019-02-08 06:58:33,root,218.92.1.168
2019-02-08 06:58:31,root,218.92.1.168
2019-02-08 06:58:28,root,218.92.1.168
2019-02-08 06:58:25,root,218.92.1.168
2019-02-08 06:58:23,root,218.92.1.168
2019-02-08 06:58:19,root,218.92.1.168
2019-02-08 06:58:16,root,218.92.1.168
2019-02-08 06:58:13,root,218.92.1.168
2019-02-08 06:58:11,root,218.92.1.168
2019-02-08 06:58:09,root,218.92.1.168
2019-02-08 06:58:08,root,112.85.42.232
2019-02-08 06:58:05,root,112.85.42.232
2019-02-08 06:58:05,root,218.92.1.168
2019-02-08 06:58:03,root,112.85.42.232
2019-02-08 06:58:00,root,218.92.1.168
2019-02-08 06:57:57,root,218.92.1.168
2019-02-08 06:57:54,root,218.92.1.168
2019-02-08 06:57:51,root,218.92.1.168
2019-02-08 06:57:48,root,218.92.1.168
2019-02-08 06:57:46,root,218.92.1.168
2019-02-08 06:57:42,root,218.92.1.168
2019-02-08 06:57:38,root,218.92.1.168
2019-02-08 06:57:37,root,218.92.1.168
2019-02-08 06:57:34,root,218.92.1.168
2019-02-08 06:57:31,root,218.92.1.168
2019-02-08 06:57:28,root,218.92.1.168
2019-02-08 06:57:23,root,218.92.1.168
2019-02-08 06:57:20,root,218.92.1.168
2019-02-08 06:57:18,root,218.92.1.168
2019-02-08 06:57:15,root,218.92.1.168
2019-02-08 06:57:13,root,218.92.1.168
2019-02-08 06:57:10,root,218.92.1.168
2019-02-08 06:57:08,root,112.85.42.232
2019-02-08 06:57:06,root,218.92.1.168
2019-02-08 06:57:05,root,112.85.42.232
2019-02-08 06:57:03,root,218.92.1.168
2019-02-08 06:57:03,root,112.85.42.232
2019-02-08 06:57:01,root,218.92.1.168
2019-02-08 06:56:58,root,218.92.1.168
2019-02-08 06:56:56,root,218.92.1.168
2019-02-08 06:56:53,root,218.92.1.168
2019-02-08 06:56:49,root,218.92.1.168
2019-02-08 06:56:46,root,218.92.1.168
2019-02-08 06:56:43,root,218.92.1.168
2019-02-08 06:56:41,root,218.92.1.168
2019-02-08 06:56:38,root,218.92.1.168
2019-02-08 06:56:36,root,218.92.1.168
2019-02-08 06:56:29,root,218.92.1.168
2019-02-08 06:56:27,root,218.92.1.168
2019-02-08 06:56:24,root,218.92.1.168
2019-02-08 06:56:21,root,218.92.1.168
2019-02-08 06:56:18,root,218.92.1.168
2019-02-08 06:56:16,root,218.92.1.168
2019-02-08 06:56:11,root,218.92.1.168
2019-02-08 06:56:08,root,218.92.1.168
2019-02-08 06:56:05,root,218.92.1.168
2019-02-08 06:56:05,root,112.85.42.232
2019-02-08 06:56:03,root,112.85.42.232
2019-02-08 06:56:03,root,218.92.1.168
2019-02-08 06:56:01,root,112.85.42.232
2019-02-08 06:55:59,root,218.92.1.168
2019-02-08 06:55:56,root,218.92.1.168
2019-02-08 06:55:52,root,218.92.1.168
2019-02-08 06:55:49,root,218.92.1.168
2019-02-08 06:55:47,root,218.92.1.168
2019-02-08 06:55:44,root,218.92.1.168
2019-02-08 06:55:41,root,218.92.1.168
2019-02-08 06:55:39,root,218.92.1.168
2019-02-08 06:55:34,root,218.92.1.168
2019-02-08 06:55:31,root,218.92.1.168
2019-02-08 06:55:28,root,218.92.1.168
2019-02-08 06:55:25,root,218.92.1.168
2019-02-08 06:55:23,root,218.92.1.168
2019-02-08 06:55:21,root,218.92.1.168
2019-02-08 06:55:16,root,218.92.1.168
2019-02-08 06:55:13,root,218.92.1.168
2019-02-08 06:55:10,root,218.92.1.168
2019-02-08 06:55:08,root,218.92.1.168
2019-02-08 06:55:05,root,218.92.1.168
2019-02-08 06:55:03,root,218.92.1.168
2019-02-08 06:55:00,root,112.85.42.232
2019-02-08 06:54:57,root,112.85.42.232
2019-02-08 06:54:54,root,112.85.42.232
2019-02-08 06:53:54,root,112.85.42.232
2019-02-08 06:53:52,root,112.85.42.232
2019-02-08 06:53:50,root,112.85.42.232
2019-02-08 06:52:51,root,112.85.42.232
2019-02-08 06:52:49,root,112.85.42.232
2019-02-08 06:52:46,root,112.85.42.232
2019-02-08 06:51:45,root,112.85.42.232
2019-02-08 06:51:43,root,112.85.42.232
2019-02-08 06:51:40,root,112.85.42.232
2019-02-08 06:50:35,root,112.85.42.232
2019-02-08 06:50:33,root,112.85.42.232
2019-02-08 06:50:31,root,112.85.42.232
2019-02-08 06:49:31,root,112.85.42.232
2019-02-08 06:49:29,root,112.85.42.232
2019-02-08 06:49:26,root,112.85.42.232
2019-02-08 06:48:38,admin,188.187.52.218
2019-02-08 06:48:35,admin,188.187.52.218
2019-02-08 06:48:33,admin,188.187.52.218
2019-02-08 06:48:31,admin,188.187.52.218
2019-02-08 06:48:29,root,112.85.42.232
2019-02-08 06:48:29,admin,188.187.52.218
2019-02-08 06:48:27,root,112.85.42.232
2019-02-08 06:48:27,admin,188.187.52.218
2019-02-08 06:48:24,root,112.85.42.232
2019-02-08 06:48:24,admin,188.187.52.218
2019-02-08 06:47:24,root,112.85.42.232
2019-02-08 06:47:22,root,112.85.42.232
2019-02-08 06:47:20,root,112.85.42.232
2019-02-08 06:46:24,root,112.85.42.232
2019-02-08 06:46:22,root,112.85.42.232
2019-02-08 06:46:19,root,112.85.42.232
2019-02-08 06:45:27,root,218.92.1.168
2019-02-08 06:45:23,root,218.92.1.168
2019-02-08 06:45:20,root,218.92.1.168
2019-02-08 06:45:19,root,112.85.42.232
2019-02-08 06:45:18,root,218.92.1.168
2019-02-08 06:45:15,root,112.85.42.232
2019-02-08 06:45:15,root,218.92.1.168
2019-02-08 06:45:13,root,112.85.42.232
2019-02-08 06:45:13,root,218.92.1.168
2019-02-08 06:45:04,root,218.92.1.168
2019-02-08 06:45:01,root,218.92.1.168
2019-02-08 06:44:58,root,218.92.1.168
2019-02-08 06:44:56,root,218.92.1.168
2019-02-08 06:44:53,root,218.92.1.168
2019-02-08 06:44:50,root,218.92.1.168
2019-02-08 06:44:44,root,218.92.1.168
2019-02-08 06:44:42,root,218.92.1.168
2019-02-08 06:44:39,root,218.92.1.168
2019-02-08 06:44:37,root,218.92.1.168
2019-02-08 06:44:34,root,218.92.1.168
2019-02-08 06:44:31,root,218.92.1.168
2019-02-08 06:44:27,root,218.92.1.168
2019-02-08 06:44:24,root,218.92.1.168
2019-02-08 06:44:22,root,218.92.1.168
2019-02-08 06:44:19,root,218.92.1.168
2019-02-08 06:44:16,root,218.92.1.168
2019-02-08 06:44:16,root,112.85.42.232
2019-02-08 06:44:13,root,218.92.1.168
2019-02-08 06:44:13,root,112.85.42.232
2019-02-08 06:44:11,root,112.85.42.232
2019-02-08 06:44:08,root,218.92.1.168
2019-02-08 06:44:04,root,218.92.1.168
2019-02-08 06:44:02,root,218.92.1.168
2019-02-08 06:43:59,root,218.92.1.168
2019-02-08 06:43:57,root,218.92.1.168
2019-02-08 06:43:54,root,218.92.1.168
2019-02-08 06:43:49,root,218.92.1.168
2019-02-08 06:43:47,root,218.92.1.168
2019-02-08 06:43:44,root,218.92.1.168
2019-02-08 06:43:42,root,218.92.1.168
2019-02-08 06:43:39,root,218.92.1.168
2019-02-08 06:43:36,root,218.92.1.168
2019-02-08 06:43:27,root,218.92.1.168
2019-02-08 06:43:24,root,218.92.1.168
2019-02-08 06:43:21,root,218.92.1.168
2019-02-08 06:43:19,root,218.92.1.168
2019-02-08 06:43:16,root,218.92.1.168
2019-02-08 06:43:13,root,218.92.1.168
2019-02-08 06:43:09,root,112.85.42.232
2019-02-08 06:43:07,root,218.92.1.168
2019-02-08 06:43:07,root,112.85.42.232
2019-02-08 06:43:05,root,112.85.42.232
2019-02-08 06:43:05,root,218.92.1.168
2019-02-08 06:43:02,root,218.92.1.168
2019-02-08 06:43:00,root,218.92.1.168
2019-02-08 06:42:57,root,218.92.1.168
2019-02-08 06:42:54,root,218.92.1.168
2019-02-08 06:42:48,root,218.92.1.168
2019-02-08 06:42:45,root,218.92.1.168
2019-02-08 06:42:43,root,218.92.1.168
2019-02-08 06:42:40,root,218.92.1.168
2019-02-08 06:42:37,root,218.92.1.168
2019-02-08 06:42:35,root,218.92.1.168
2019-02-08 06:42:31,root,218.92.1.168
2019-02-08 06:42:28,root,218.92.1.168
2019-02-08 06:42:25,root,218.92.1.168
2019-02-08 06:42:22,root,218.92.1.168
2019-02-08 06:42:19,root,218.92.1.168
2019-02-08 06:42:17,root,218.92.1.168
2019-02-08 06:42:13,root,218.92.1.168
2019-02-08 06:42:10,root,218.92.1.168
2019-02-08 06:42:07,root,218.92.1.168
2019-02-08 06:42:05,root,218.92.1.168
2019-02-08 06:42:00,root,218.92.1.168
2019-02-08 06:41:57,root,218.92.1.168
2019-02-08 06:41:52,root,218.92.1.168
2019-02-08 06:41:49,root,218.92.1.168
2019-02-08 06:41:46,root,218.92.1.168
2019-02-08 06:41:44,root,218.92.1.168
2019-02-08 06:41:41,root,218.92.1.168
2019-02-08 06:41:39,root,218.92.1.168
2019-02-08 06:41:34,root,218.92.1.168
2019-02-08 06:41:31,root,218.92.1.168
2019-02-08 06:41:29,root,218.92.1.168
2019-02-08 06:41:26,root,218.92.1.168
2019-02-08 06:41:24,root,218.92.1.168
2019-02-08 06:41:22,root,218.92.1.168
2019-02-08 06:41:18,root,218.92.1.168
2019-02-08 06:41:15,root,218.92.1.168
2019-02-08 06:41:12,root,218.92.1.168
2019-02-08 06:41:10,root,218.92.1.168
2019-02-08 06:41:07,root,218.92.1.168
2019-02-08 06:41:04,root,218.92.1.168
2019-02-08 06:41:01,root,218.92.1.168
2019-02-08 06:40:58,root,218.92.1.168
2019-02-08 06:40:55,root,112.85.42.232
2019-02-08 06:40:55,root,218.92.1.168
2019-02-08 06:40:53,root,218.92.1.168
2019-02-08 06:40:53,root,112.85.42.232
2019-02-08 06:40:51,root,112.85.42.232
2019-02-08 06:40:51,root,218.92.1.168
2019-02-08 06:40:48,root,218.92.1.168
2019-02-08 06:40:44,root,218.92.1.168
2019-02-08 06:40:42,root,218.92.1.168
2019-02-08 06:40:39,root,218.92.1.168
2019-02-08 06:40:37,root,218.92.1.168
2019-02-08 06:40:35,root,218.92.1.168
2019-02-08 06:40:32,root,218.92.1.168
2019-02-08 06:40:27,root,218.92.1.168
2019-02-08 06:40:25,root,218.92.1.168
2019-02-08 06:40:22,root,218.92.1.168
2019-02-08 06:40:19,root,218.92.1.168
2019-02-08 06:40:17,root,218.92.1.168
2019-02-08 06:40:15,root,218.92.1.168
2019-02-08 06:39:54,root,112.85.42.232
2019-02-08 06:39:52,root,112.85.42.232
2019-02-08 06:39:50,root,112.85.42.232
2019-02-08 06:38:49,root,112.85.42.232
2019-02-08 06:38:46,root,112.85.42.232
2019-02-08 06:38:44,root,112.85.42.232
2019-02-08 06:37:44,root,112.85.42.232
2019-02-08 06:37:43,root,112.85.42.232
2019-02-08 06:37:40,root,112.85.42.232
2019-02-08 06:36:42,root,112.85.42.232
2019-02-08 06:36:39,root,112.85.42.232
2019-02-08 06:36:37,root,112.85.42.232
2019-02-08 06:35:32,root,112.85.42.232
2019-02-08 06:35:30,root,112.85.42.232
2019-02-08 06:35:28,root,112.85.42.232
2019-02-08 06:34:28,root,112.85.42.232
2019-02-08 06:34:26,root,112.85.42.232
2019-02-08 06:34:24,root,112.85.42.232
2019-02-08 06:32:20,root,112.85.42.232
2019-02-08 06:32:18,root,112.85.42.232
2019-02-08 06:32:16,root,112.85.42.232
2019-02-08 06:31:47,root,218.92.1.168
2019-02-08 06:31:45,root,218.92.1.168
2019-02-08 06:31:42,root,218.92.1.168
2019-02-08 06:31:39,root,218.92.1.168
2019-02-08 06:31:36,root,218.92.1.168
2019-02-08 06:31:33,root,218.92.1.168
2019-02-08 06:31:25,root,218.92.1.168
2019-02-08 06:31:22,root,218.92.1.168
2019-02-08 06:31:19,root,218.92.1.168
2019-02-08 06:31:15,root,112.85.42.232
2019-02-08 06:31:15,root,218.92.1.168
2019-02-08 06:31:13,root,112.85.42.232
2019-02-08 06:31:13,root,218.92.1.168
2019-02-08 06:31:11,root,112.85.42.232
2019-02-08 06:31:10,root,218.92.1.168
2019-02-08 06:31:02,root,218.92.1.168
2019-02-08 06:30:59,root,218.92.1.168
2019-02-08 06:30:56,root,218.92.1.168
2019-02-08 06:30:54,root,218.92.1.168
2019-02-08 06:30:51,root,218.92.1.168
2019-02-08 06:30:48,root,218.92.1.168
2019-02-08 06:30:43,root,218.92.1.168
2019-02-08 06:30:41,root,218.92.1.168
2019-02-08 06:30:38,root,218.92.1.168
2019-02-08 06:30:35,root,218.92.1.168
2019-02-08 06:30:32,root,218.92.1.168
2019-02-08 06:30:30,root,218.92.1.168
2019-02-08 06:30:23,root,218.92.1.168
2019-02-08 06:30:20,root,218.92.1.168
2019-02-08 06:30:18,root,218.92.1.168
2019-02-08 06:30:15,root,218.92.1.168
2019-02-08 06:30:12,root,218.92.1.168
2019-02-08 06:30:10,root,218.92.1.168
2019-02-08 06:30:09,root,112.85.42.232
2019-02-08 06:30:07,root,112.85.42.232
2019-02-08 06:30:06,root,218.92.1.168
2019-02-08 06:30:05,root,112.85.42.232
2019-02-08 06:30:03,root,218.92.1.168
2019-02-08 06:30:00,root,218.92.1.168
2019-02-08 06:29:57,root,218.92.1.168
2019-02-08 06:29:54,root,218.92.1.168
2019-02-08 06:29:52,root,218.92.1.168
2019-02-08 06:29:48,root,218.92.1.168
2019-02-08 06:29:45,root,218.92.1.168
2019-02-08 06:29:43,root,218.92.1.168
2019-02-08 06:29:40,root,218.92.1.168
2019-02-08 06:29:37,root,218.92.1.168
2019-02-08 06:29:35,root,218.92.1.168
2019-02-08 06:29:31,root,218.92.1.168
2019-02-08 06:29:27,root,218.92.1.168
2019-02-08 06:29:25,root,218.92.1.168
2019-02-08 06:29:23,root,218.92.1.168
2019-02-08 06:29:20,root,218.92.1.168
2019-02-08 06:29:17,root,218.92.1.168
2019-02-08 06:29:12,root,218.92.1.168
2019-02-08 06:29:09,root,218.92.1.168
2019-02-08 06:29:07,root,218.92.1.168
2019-02-08 06:29:07,root,112.85.42.232
2019-02-08 06:29:05,root,112.85.42.232
2019-02-08 06:29:04,root,218.92.1.168
2019-02-08 06:29:03,root,112.85.42.232
2019-02-08 06:29:02,root,218.92.1.168
2019-02-08 06:29:00,root,218.92.1.168
2019-02-08 06:28:54,root,218.92.1.168
2019-02-08 06:28:52,root,218.92.1.168
2019-02-08 06:28:49,root,218.92.1.168
2019-02-08 06:28:47,root,218.92.1.168
2019-02-08 06:28:44,root,218.92.1.168
2019-02-08 06:28:42,root,218.92.1.168
2019-02-08 06:28:39,root,218.92.1.168
2019-02-08 06:28:36,root,218.92.1.168
2019-02-08 06:28:34,root,218.92.1.168
2019-02-08 06:28:31,root,218.92.1.168
2019-02-08 06:28:29,root,218.92.1.168
2019-02-08 06:28:27,root,218.92.1.168
2019-02-08 06:28:19,root,218.92.1.168
2019-02-08 06:28:16,root,218.92.1.168
2019-02-08 06:28:14,root,218.92.1.168
2019-02-08 06:28:11,root,218.92.1.168
2019-02-08 06:28:09,root,218.92.1.168
2019-02-08 06:28:06,root,218.92.1.168
2019-02-08 06:28:02,root,218.92.1.168
2019-02-08 06:28:00,root,112.85.42.232
2019-02-08 06:28:00,root,218.92.1.168
2019-02-08 06:27:58,root,112.85.42.232
2019-02-08 06:27:56,root,112.85.42.232
2019-02-08 06:27:54,root,218.92.1.168
2019-02-08 06:27:52,root,218.92.1.168
2019-02-08 06:27:49,root,218.92.1.168
2019-02-08 06:27:47,root,218.92.1.168
2019-02-08 06:27:41,root,218.92.1.168
2019-02-08 06:27:39,root,218.92.1.168
2019-02-08 06:27:36,root,218.92.1.168
2019-02-08 06:27:34,root,218.92.1.168
2019-02-08 06:27:32,root,218.92.1.168
2019-02-08 06:27:29,root,218.92.1.168
2019-02-08 06:27:24,root,218.92.1.168
2019-02-08 06:27:21,root,218.92.1.168
2019-02-08 06:27:19,root,218.92.1.168
2019-02-08 06:27:17,root,218.92.1.168
2019-02-08 06:27:14,root,218.92.1.168
2019-02-08 06:27:12,root,218.92.1.168
2019-02-08 06:27:06,root,218.92.1.168
2019-02-08 06:27:03,root,218.92.1.168
2019-02-08 06:27:00,root,218.92.1.168
2019-02-08 06:26:57,root,218.92.1.168
2019-02-08 06:26:54,root,218.92.1.168
2019-02-08 06:26:52,root,218.92.1.168
2019-02-08 06:26:47,root,218.92.1.168
2019-02-08 06:26:47,root,112.85.42.232
2019-02-08 06:26:45,root,112.85.42.232
2019-02-08 06:26:44,root,218.92.1.168
2019-02-08 06:26:43,root,112.85.42.232
2019-02-08 06:26:41,root,218.92.1.168
2019-02-08 06:26:38,root,218.92.1.168
2019-02-08 06:26:36,root,218.92.1.168
2019-02-08 06:26:34,root,218.92.1.168
2019-02-08 06:26:30,root,218.92.1.168
2019-02-08 06:26:26,root,218.92.1.168
2019-02-08 06:26:24,root,218.92.1.168
2019-02-08 06:26:22,root,218.92.1.168
2019-02-08 06:26:19,root,218.92.1.168
2019-02-08 06:26:17,root,218.92.1.168
2019-02-08 06:26:12,root,218.92.1.168
2019-02-08 06:26:10,root,218.92.1.168
2019-02-08 06:26:07,root,218.92.1.168
2019-02-08 06:26:04,root,218.92.1.168
2019-02-08 06:26:02,root,218.92.1.168
2019-02-08 06:25:59,root,218.92.1.168
2019-02-08 06:25:54,root,218.92.1.168
2019-02-08 06:25:51,root,218.92.1.168
2019-02-08 06:25:48,root,218.92.1.168
2019-02-08 06:25:47,root,112.85.42.232
2019-02-08 06:25:45,root,218.92.1.168
2019-02-08 06:25:44,root,112.85.42.232
2019-02-08 06:25:43,root,218.92.1.168
2019-02-08 06:25:41,root,112.85.42.232
2019-02-08 06:25:40,root,218.92.1.168
2019-02-08 06:25:35,root,218.92.1.168
2019-02-08 06:25:33,root,218.92.1.168
2019-02-08 06:25:30,root,218.92.1.168
2019-02-08 06:25:27,root,218.92.1.168
2019-02-08 06:25:25,root,218.92.1.168
2019-02-08 06:25:22,root,218.92.1.168
2019-02-08 06:25:15,root,218.92.1.168
2019-02-08 06:25:13,root,218.92.1.168
2019-02-08 06:25:10,root,218.92.1.168
2019-02-08 06:25:07,root,218.92.1.168
